날짜,시가,고가,저가,종가,거래량,매수_기관합계,매수_기타법인,매수_개인,매수_외국인합계,매도_기관합계,매도_기타법인,매도_개인,매도_외국인합계,전체,predictable
2016-11-01,1640.0,1640.0,1635.0,1635.0,17173.0,27653870.0,0.0,508350.0,0.0,0.0,0.0,28162220.0,0.0,28162220.0,0
2016-11-02,1635.0,1640.0,1635.0,1635.0,11266.0,27653870.0,0.0,508350.0,0.0,0.0,0.0,28162220.0,0.0,28162220.0,0
2016-11-03,1635.0,1635.0,1630.0,1630.0,3266.0,18089640.0,0.0,330275.0,0.0,0.0,0.0,18419916.0,0.0,18419916.0,0
2016-11-04,1640.0,1640.0,1630.0,1630.0,16606.0,5011610.0,0.0,327000.0,0.0,0.0,0.0,5338610.0,0.0,5338610.0,0
2016-11-07,1630.0,1640.0,1630.0,1640.0,3630.0,26396220.0,0.0,671660.0,0.0,0.0,0.0,27067880.0,0.0,27067880.0,0
2016-11-08,1640.0,1645.0,1640.0,1645.0,14350.0,5910380.0,0.0,6540.0,0.0,0.0,0.0,5916920.0,0.0,5916920.0,0
2016-11-09,1620.0,1670.0,1620.0,1650.0,5152.0,23433960.0,0.0,100345.0,0.0,0.0,0.0,23534304.0,0.0,23534304.0,0
2016-11-10,1615.0,1650.0,1605.0,1645.0,20528.0,8455300.0,0.0,19950.0,0.0,0.0,0.0,8475250.0,0.0,8475250.0,0
2016-11-11,1610.0,1640.0,1610.0,1630.0,1590.0,33564240.0,0.0,101710.0,0.0,0.0,0.0,33665950.0,0.0,33665950.0,0
2016-11-14,1640.0,1650.0,1640.0,1640.0,19385.0,2462930.0,0.0,127990.0,0.0,0.0,0.0,2590920.0,0.0,2590920.0,0
2016-11-15,1650.0,1675.0,1650.0,1675.0,96.0,31296120.0,0.0,495300.0,0.0,0.0,0.0,31791420.0,0.0,31791420.0,0
2016-11-16,1615.0,1670.0,1615.0,1670.0,613.0,0.0,0.0,158550.0,0.0,0.0,0.0,158550.0,0.0,158550.0,0
2016-11-17,1620.0,1645.0,1620.0,1640.0,14.0,132840.0,0.0,862590.0,0.0,0.0,0.0,995430.0,0.0,995430.0,0
2016-11-18,1670.0,1670.0,1605.0,1640.0,1152.0,11480.0,0.0,11490.0,0.0,0.0,0.0,22970.0,0.0,22970.0,0
2016-11-21,1640.0,1645.0,1640.0,1640.0,2430.0,27880.0,0.0,1895320.0,0.0,0.0,0.0,1923200.0,0.0,1923200.0,0
2016-11-22,1670.0,1670.0,1670.0,1670.0,2.0,3166840.0,0.0,818850.0,0.0,0.0,0.0,3985690.0,0.0,3985690.0,0
2016-11-23,1657.5,1657.5,1657.5,1657.5,2.0,0.0,0.0,3340.0,0.0,0.0,0.0,3340.0,0.0,3340.0,0
2016-11-24,1645.0,1645.0,1640.0,1640.0,2.0,0.0,0.0,3312.5,0.0,0.0,0.0,3312.5,0.0,3312.5,0
2016-11-25,1642.5,1642.5,1642.5,1642.5,2183.0,0.0,0.0,3285.0,0.0,0.0,0.0,3285.0,0.0,3285.0,0
2016-11-28,1635.0,1640.0,1585.0,1640.0,8726.0,874000.0,0.0,2618458.8,0.0,0.0,0.0,3492458.8,0.0,3492458.8,0
2016-11-29,1625.0,1625.0,1595.0,1600.0,11907.0,3496000.0,0.0,10463980.0,0.0,0.0,0.0,13959980.0,0.0,13959980.0,0
2016-11-30,1595.0,1605.0,1595.0,1600.0,1925.0,15950000.0,0.0,3042435.0,0.0,0.0,0.0,18992436.0,0.0,18992436.0,0
2016-12-01,1595.0,1600.0,1595.0,1600.0,502.0,0.0,0.0,3079515.0,0.0,0.0,0.0,3079515.0,0.0,3079515.0,0
2016-12-02,1615.0,1615.0,1595.0,1615.0,504.0,0.0,0.0,802195.0,0.0,0.0,0.0,802195.0,0.0,802195.0,0
2016-12-05,1610.0,1610.0,1590.0,1610.0,2331.0,0.0,0.0,803960.0,0.0,0.0,0.0,803960.0,0.0,803960.0,0
2016-12-06,1595.0,1605.0,1595.0,1605.0,602.0,0.0,0.0,3717025.0,0.0,0.0,0.0,3717025.0,0.0,3717025.0,0
2016-12-07,1615.0,1620.0,1615.0,1620.0,4.0,0.0,0.0,961710.0,0.0,0.0,0.0,961710.0,0.0,961710.0,0
2016-12-08,1660.0,1660.0,1620.0,1640.0,5016.0,0.0,0.0,6470.0,0.0,0.0,0.0,6470.0,0.0,6470.0,0
2016-12-09,1615.0,1620.0,1615.0,1620.0,31.0,0.0,0.0,8126065.0,0.0,0.0,0.0,8126065.0,0.0,8126065.0,0
2016-12-12,1610.0,1635.0,1610.0,1635.0,133.0,0.0,0.0,50600.0,0.0,0.0,0.0,50600.0,0.0,50600.0,0
2016-12-13,1640.0,1680.0,1640.0,1680.0,9982.0,0.0,0.0,214205.0,0.0,0.0,0.0,214205.0,0.0,214205.0,0
2016-12-14,1660.0,1685.0,1600.0,1630.0,3748.0,0.0,0.0,16520405.0,0.0,0.0,0.0,16520405.0,0.0,16520405.0,0
2016-12-15,1645.0,1710.0,1645.0,1710.0,40.0,0.0,0.0,6297295.0,0.0,0.0,0.0,6297295.0,0.0,6297295.0,0
2016-12-16,1638.75,1638.75,1638.75,1638.75,52.0,0.0,0.0,68165.0,0.0,0.0,0.0,68165.0,0.0,68165.0,0
2016-12-19,1620.0,1680.0,1620.0,1675.0,88.0,0.0,0.0,87450.0,0.0,0.0,0.0,87450.0,0.0,87450.0,0
2016-12-20,1620.0,1680.0,1620.0,1680.0,1677.0,0.0,0.0,145305.0,0.0,0.0,0.0,145305.0,0.0,145305.0,0
2016-12-21,1620.0,1620.0,1620.0,1620.0,1677.0,0.0,0.0,2787860.0,0.0,0.0,0.0,2787860.0,0.0,2787860.0,0
2016-12-22,1620.0,1620.0,1620.0,1620.0,1677.0,0.0,0.0,2787860.0,0.0,0.0,0.0,2787860.0,0.0,2787860.0,0
2016-12-23,1620.0,1620.0,1620.0,1620.0,1677.0,0.0,0.0,2787860.0,0.0,0.0,0.0,2787860.0,0.0,2787860.0,0
2016-12-26,1620.0,1620.0,1620.0,1620.0,1677.0,0.0,0.0,2787860.0,0.0,0.0,0.0,2787860.0,0.0,2787860.0,0
2016-12-27,1620.0,1620.0,1620.0,1620.0,1677.0,0.0,0.0,2787860.0,0.0,0.0,0.0,2787860.0,0.0,2787860.0,0
2016-12-28,1620.0,1620.0,1620.0,1620.0,1677.0,0.0,0.0,2787860.0,0.0,0.0,0.0,2787860.0,0.0,2787860.0,0
2016-12-29,1620.0,1620.0,1620.0,1620.0,1677.0,0.0,0.0,2787860.0,0.0,0.0,0.0,2787860.0,0.0,2787860.0,0
2017-01-02,1620.0,1620.0,1620.0,1620.0,1677.0,0.0,0.0,2787860.0,0.0,0.0,0.0,2787860.0,0.0,2787860.0,0
2017-01-03,1620.0,1620.0,1620.0,1620.0,1677.0,0.0,0.0,2787860.0,0.0,0.0,0.0,2787860.0,0.0,2787860.0,0
2017-01-04,1620.0,1620.0,1620.0,1620.0,1677.0,0.0,0.0,2787860.0,0.0,0.0,0.0,2787860.0,0.0,2787860.0,0
2017-01-05,1620.0,1620.0,1620.0,1620.0,1677.0,0.0,0.0,2787860.0,0.0,0.0,0.0,2787860.0,0.0,2787860.0,0
2017-01-06,1620.0,1620.0,1620.0,1620.0,1677.0,0.0,0.0,2787860.0,0.0,0.0,0.0,2787860.0,0.0,2787860.0,0
2017-01-09,1620.0,1620.0,1620.0,1620.0,1677.0,0.0,0.0,2787860.0,0.0,0.0,0.0,2787860.0,0.0,2787860.0,0
2017-01-10,1620.0,1620.0,1620.0,1620.0,1677.0,0.0,0.0,2787860.0,0.0,0.0,0.0,2787860.0,0.0,2787860.0,0
2017-01-11,1620.0,1620.0,1620.0,1620.0,1677.0,0.0,0.0,2787860.0,0.0,0.0,0.0,2787860.0,0.0,2787860.0,0
2017-01-12,1620.0,1620.0,1620.0,1620.0,1677.0,0.0,0.0,2787860.0,0.0,0.0,0.0,2787860.0,0.0,2787860.0,0
2017-01-13,1620.0,1620.0,1620.0,1620.0,1677.0,0.0,0.0,2787860.0,0.0,0.0,0.0,2787860.0,0.0,2787860.0,0
2017-01-16,1620.0,1620.0,1620.0,1620.0,1677.0,0.0,0.0,2787860.0,0.0,0.0,0.0,2787860.0,0.0,2787860.0,0
2017-01-17,1620.0,1620.0,1620.0,1620.0,1677.0,0.0,0.0,2787860.0,0.0,0.0,0.0,2787860.0,0.0,2787860.0,0
2017-01-18,1620.0,1620.0,1620.0,1620.0,1677.0,0.0,0.0,2787860.0,0.0,0.0,0.0,2787860.0,0.0,2787860.0,0
2017-01-19,1620.0,1620.0,1620.0,1620.0,1677.0,0.0,0.0,2787860.0,0.0,0.0,0.0,2787860.0,0.0,2787860.0,0
2017-01-20,1620.0,1620.0,1620.0,1620.0,1677.0,0.0,0.0,2787860.0,0.0,0.0,0.0,2787860.0,0.0,2787860.0,0
2017-01-23,1620.0,1620.0,1620.0,1620.0,1677.0,0.0,0.0,2787860.0,0.0,0.0,0.0,2787860.0,0.0,2787860.0,0
2017-01-24,1620.0,1620.0,1620.0,1620.0,1677.0,0.0,0.0,2787860.0,0.0,0.0,0.0,2787860.0,0.0,2787860.0,0
2017-01-25,1620.0,1620.0,1620.0,1620.0,1677.0,0.0,0.0,2787860.0,0.0,0.0,0.0,2787860.0,0.0,2787860.0,0
2017-01-26,1620.0,1620.0,1620.0,1620.0,1677.0,0.0,0.0,2787860.0,0.0,0.0,0.0,2787860.0,0.0,2787860.0,0
2017-01-31,1620.0,1620.0,1620.0,1620.0,1677.0,0.0,0.0,2787860.0,0.0,0.0,0.0,2787860.0,0.0,2787860.0,0
2017-02-01,1620.0,1620.0,1620.0,1620.0,1677.0,0.0,0.0,2787860.0,0.0,0.0,0.0,2787860.0,0.0,2787860.0,0
2017-02-02,1620.0,1620.0,1620.0,1620.0,1677.0,0.0,0.0,2787860.0,0.0,0.0,0.0,2787860.0,0.0,2787860.0,0
2017-02-03,1620.0,1620.0,1620.0,1620.0,1677.0,0.0,0.0,2787860.0,0.0,0.0,0.0,2787860.0,0.0,2787860.0,0
2017-02-06,1620.0,1620.0,1620.0,1620.0,1677.0,0.0,0.0,2787860.0,0.0,0.0,0.0,2787860.0,0.0,2787860.0,0
2017-02-07,1620.0,1620.0,1620.0,1620.0,1677.0,0.0,0.0,2787860.0,0.0,0.0,0.0,2787860.0,0.0,2787860.0,0
2017-02-08,1620.0,1620.0,1620.0,1620.0,1677.0,0.0,0.0,2787860.0,0.0,0.0,0.0,2787860.0,0.0,2787860.0,0
2017-02-09,1620.0,1620.0,1620.0,1620.0,1677.0,0.0,0.0,2787860.0,0.0,0.0,0.0,2787860.0,0.0,2787860.0,0
2017-02-10,1620.0,1620.0,1620.0,1620.0,1677.0,0.0,0.0,2787860.0,0.0,0.0,0.0,2787860.0,0.0,2787860.0,0
2017-02-13,1620.0,1620.0,1620.0,1620.0,1677.0,0.0,0.0,2787860.0,0.0,0.0,0.0,2787860.0,0.0,2787860.0,0
2017-02-14,1620.0,1620.0,1620.0,1620.0,1677.0,0.0,0.0,2787860.0,0.0,0.0,0.0,2787860.0,0.0,2787860.0,0
2017-02-15,1620.0,1620.0,1620.0,1620.0,1677.0,0.0,0.0,2787860.0,0.0,0.0,0.0,2787860.0,0.0,2787860.0,0
2017-02-16,1620.0,1620.0,1620.0,1620.0,1677.0,0.0,0.0,2787860.0,0.0,0.0,0.0,2787860.0,0.0,2787860.0,0
2017-02-17,1620.0,1620.0,1620.0,1620.0,1677.0,0.0,0.0,2787860.0,0.0,0.0,0.0,2787860.0,0.0,2787860.0,0
2017-02-20,1620.0,1620.0,1620.0,1620.0,1677.0,0.0,0.0,2787860.0,0.0,0.0,0.0,2787860.0,0.0,2787860.0,0
2017-02-21,1620.0,1620.0,1620.0,1620.0,1677.0,0.0,0.0,2787860.0,0.0,0.0,0.0,2787860.0,0.0,2787860.0,0
2017-02-22,1620.0,1620.0,1620.0,1620.0,1677.0,0.0,0.0,2787860.0,0.0,0.0,0.0,2787860.0,0.0,2787860.0,0
2017-02-23,1620.0,1620.0,1620.0,1620.0,1677.0,0.0,0.0,2787860.0,0.0,0.0,0.0,2787860.0,0.0,2787860.0,0
2017-02-24,1620.0,1620.0,1620.0,1620.0,1677.0,0.0,0.0,2787860.0,0.0,0.0,0.0,2787860.0,0.0,2787860.0,0
2017-02-27,1620.0,1620.0,1620.0,1620.0,1677.0,0.0,0.0,2787860.0,0.0,0.0,0.0,2787860.0,0.0,2787860.0,0
2017-02-28,1620.0,1620.0,1620.0,1620.0,1677.0,0.0,0.0,2787860.0,0.0,0.0,0.0,2787860.0,0.0,2787860.0,0
2017-03-02,1620.0,1620.0,1620.0,1620.0,1677.0,0.0,0.0,2787860.0,0.0,0.0,0.0,2787860.0,0.0,2787860.0,0
2017-03-03,1620.0,1620.0,1620.0,1620.0,1677.0,0.0,0.0,2787860.0,0.0,0.0,0.0,2787860.0,0.0,2787860.0,0
2017-03-06,1620.0,1620.0,1620.0,1620.0,1677.0,0.0,0.0,2787860.0,0.0,0.0,0.0,2787860.0,0.0,2787860.0,0
2017-03-07,1620.0,1620.0,1620.0,1620.0,1677.0,0.0,0.0,2787860.0,0.0,0.0,0.0,2787860.0,0.0,2787860.0,0
2017-03-08,1620.0,1620.0,1620.0,1620.0,1677.0,0.0,0.0,2787860.0,0.0,0.0,0.0,2787860.0,0.0,2787860.0,0
2017-03-09,1620.0,1620.0,1620.0,1620.0,1677.0,0.0,0.0,2787860.0,0.0,0.0,0.0,2787860.0,0.0,2787860.0,0
2017-03-10,1620.0,1620.0,1620.0,1620.0,1677.0,0.0,0.0,2787860.0,0.0,0.0,0.0,2787860.0,0.0,2787860.0,0
2017-03-13,1620.0,1620.0,1620.0,1620.0,1677.0,0.0,0.0,2787860.0,0.0,0.0,0.0,2787860.0,0.0,2787860.0,0
2017-03-14,1620.0,1620.0,1620.0,1620.0,1677.0,0.0,0.0,2787860.0,0.0,0.0,0.0,2787860.0,0.0,2787860.0,0
2017-03-15,1620.0,1620.0,1620.0,1620.0,1677.0,0.0,0.0,2787860.0,0.0,0.0,0.0,2787860.0,0.0,2787860.0,0
2017-03-16,1620.0,1620.0,1620.0,1620.0,1677.0,0.0,0.0,2787860.0,0.0,0.0,0.0,2787860.0,0.0,2787860.0,0
2017-03-17,1620.0,1620.0,1620.0,1620.0,1677.0,0.0,0.0,2787860.0,0.0,0.0,0.0,2787860.0,0.0,2787860.0,0
2017-03-20,1620.0,1620.0,1620.0,1620.0,1677.0,0.0,0.0,2787860.0,0.0,0.0,0.0,2787860.0,0.0,2787860.0,0
2017-03-21,1620.0,1620.0,1620.0,1620.0,1677.0,0.0,0.0,2787860.0,0.0,0.0,0.0,2787860.0,0.0,2787860.0,0
2017-03-22,1620.0,1620.0,1620.0,1620.0,1677.0,0.0,0.0,2787860.0,0.0,0.0,0.0,2787860.0,0.0,2787860.0,0
2017-03-23,1620.0,1620.0,1620.0,1620.0,1677.0,0.0,0.0,2787860.0,0.0,0.0,0.0,2787860.0,0.0,2787860.0,0
2017-03-24,1620.0,1620.0,1620.0,1620.0,1677.0,0.0,0.0,2787860.0,0.0,0.0,0.0,2787860.0,0.0,2787860.0,0
2017-03-27,1620.0,1620.0,1620.0,1620.0,1677.0,0.0,0.0,2787860.0,0.0,0.0,0.0,2787860.0,0.0,2787860.0,0
2017-03-28,1620.0,1620.0,1620.0,1620.0,1677.0,0.0,0.0,2787860.0,0.0,0.0,0.0,2787860.0,0.0,2787860.0,0
2017-03-29,1620.0,1620.0,1620.0,1620.0,1677.0,0.0,0.0,2787860.0,0.0,0.0,0.0,2787860.0,0.0,2787860.0,0
2017-03-30,1620.0,1620.0,1620.0,1620.0,1677.0,0.0,0.0,2787860.0,0.0,0.0,0.0,2787860.0,0.0,2787860.0,0
2017-03-31,1620.0,1620.0,1620.0,1620.0,1677.0,0.0,0.0,2787860.0,0.0,0.0,0.0,2787860.0,0.0,2787860.0,0
2017-04-03,1620.0,1620.0,1620.0,1620.0,1677.0,0.0,0.0,2787860.0,0.0,0.0,0.0,2787860.0,0.0,2787860.0,0
2017-04-04,1620.0,1620.0,1620.0,1620.0,1677.0,0.0,0.0,2787860.0,0.0,0.0,0.0,2787860.0,0.0,2787860.0,0
2017-04-05,1620.0,1620.0,1620.0,1620.0,1677.0,0.0,0.0,2787860.0,0.0,0.0,0.0,2787860.0,0.0,2787860.0,0
2017-04-06,1620.0,1620.0,1620.0,1620.0,1677.0,0.0,0.0,2787860.0,0.0,0.0,0.0,2787860.0,0.0,2787860.0,0
2017-04-07,1620.0,1620.0,1620.0,1620.0,1677.0,0.0,0.0,2787860.0,0.0,0.0,0.0,2787860.0,0.0,2787860.0,0
2017-04-10,1620.0,1620.0,1620.0,1620.0,1677.0,0.0,0.0,2787860.0,0.0,0.0,0.0,2787860.0,0.0,2787860.0,0
2017-04-11,1620.0,1620.0,1620.0,1620.0,1677.0,0.0,0.0,2787860.0,0.0,0.0,0.0,2787860.0,0.0,2787860.0,0
2017-04-12,1620.0,1620.0,1620.0,1620.0,1677.0,0.0,0.0,2787860.0,0.0,0.0,0.0,2787860.0,0.0,2787860.0,0
2017-04-13,1620.0,1620.0,1620.0,1620.0,1677.0,0.0,0.0,2787860.0,0.0,0.0,0.0,2787860.0,0.0,2787860.0,0
2017-04-14,1620.0,1620.0,1620.0,1620.0,1677.0,0.0,0.0,2787860.0,0.0,0.0,0.0,2787860.0,0.0,2787860.0,0
2017-04-17,1620.0,1620.0,1620.0,1620.0,1677.0,0.0,0.0,2787860.0,0.0,0.0,0.0,2787860.0,0.0,2787860.0,0
2017-04-18,1620.0,1620.0,1620.0,1620.0,1677.0,0.0,0.0,2787860.0,0.0,0.0,0.0,2787860.0,0.0,2787860.0,0
2017-04-19,1620.0,1620.0,1620.0,1620.0,1677.0,0.0,0.0,2787860.0,0.0,0.0,0.0,2787860.0,0.0,2787860.0,0
2017-04-20,1620.0,1620.0,1620.0,1620.0,1677.0,0.0,0.0,2787860.0,0.0,0.0,0.0,2787860.0,0.0,2787860.0,0
2017-04-21,1620.0,1620.0,1620.0,1620.0,1677.0,0.0,0.0,2787860.0,0.0,0.0,0.0,2787860.0,0.0,2787860.0,0
2017-04-24,1620.0,1620.0,1620.0,1620.0,1677.0,0.0,0.0,2787860.0,0.0,0.0,0.0,2787860.0,0.0,2787860.0,0
2017-04-25,1620.0,1620.0,1620.0,1620.0,1677.0,0.0,0.0,2787860.0,0.0,0.0,0.0,2787860.0,0.0,2787860.0,0
2017-04-26,1620.0,1620.0,1620.0,1620.0,1677.0,0.0,0.0,2787860.0,0.0,0.0,0.0,2787860.0,0.0,2787860.0,0
2017-04-27,1620.0,1620.0,1620.0,1620.0,1677.0,0.0,0.0,2787860.0,0.0,0.0,0.0,2787860.0,0.0,2787860.0,0
2017-04-28,1620.0,1620.0,1620.0,1620.0,1677.0,0.0,0.0,2787860.0,0.0,0.0,0.0,2787860.0,0.0,2787860.0,0
2017-05-02,1620.0,1620.0,1620.0,1620.0,1677.0,0.0,0.0,2787860.0,0.0,0.0,0.0,2787860.0,0.0,2787860.0,0
2017-05-04,1620.0,1620.0,1620.0,1620.0,1677.0,0.0,0.0,2787860.0,0.0,0.0,0.0,2787860.0,0.0,2787860.0,0
2017-05-08,1620.0,1620.0,1620.0,1620.0,1677.0,0.0,0.0,2787860.0,0.0,0.0,0.0,2787860.0,0.0,2787860.0,0
2017-05-10,1620.0,1620.0,1620.0,1620.0,1677.0,0.0,0.0,2787860.0,0.0,0.0,0.0,2787860.0,0.0,2787860.0,0
2017-05-11,1620.0,1620.0,1620.0,1620.0,1677.0,0.0,0.0,2787860.0,0.0,0.0,0.0,2787860.0,0.0,2787860.0,0
2017-05-12,1620.0,1620.0,1620.0,1620.0,1677.0,0.0,0.0,2787860.0,0.0,0.0,0.0,2787860.0,0.0,2787860.0,0
2017-05-15,1620.0,1620.0,1620.0,1620.0,1677.0,0.0,0.0,2787860.0,0.0,0.0,0.0,2787860.0,0.0,2787860.0,0
2017-05-16,1620.0,1620.0,1620.0,1620.0,1677.0,0.0,0.0,2787860.0,0.0,0.0,0.0,2787860.0,0.0,2787860.0,0
2017-05-17,1620.0,1620.0,1620.0,1620.0,1677.0,0.0,0.0,2787860.0,0.0,0.0,0.0,2787860.0,0.0,2787860.0,0
2017-05-18,1620.0,1620.0,1620.0,1620.0,1677.0,0.0,0.0,2787860.0,0.0,0.0,0.0,2787860.0,0.0,2787860.0,0
2017-05-19,1620.0,1620.0,1620.0,1620.0,1677.0,0.0,0.0,2787860.0,0.0,0.0,0.0,2787860.0,0.0,2787860.0,0
2017-05-22,1620.0,1620.0,1620.0,1620.0,1677.0,0.0,0.0,2787860.0,0.0,0.0,0.0,2787860.0,0.0,2787860.0,0
2017-05-23,1620.0,1620.0,1620.0,1620.0,1677.0,0.0,0.0,2787860.0,0.0,0.0,0.0,2787860.0,0.0,2787860.0,0
2017-05-24,1620.0,1620.0,1620.0,1620.0,1677.0,0.0,0.0,2787860.0,0.0,0.0,0.0,2787860.0,0.0,2787860.0,0
2017-05-25,1620.0,1620.0,1620.0,1620.0,1677.0,0.0,0.0,2787860.0,0.0,0.0,0.0,2787860.0,0.0,2787860.0,0
2017-05-26,1620.0,1620.0,1620.0,1620.0,1677.0,0.0,0.0,2787860.0,0.0,0.0,0.0,2787860.0,0.0,2787860.0,0
2017-05-29,1620.0,1620.0,1620.0,1620.0,1677.0,0.0,0.0,2787860.0,0.0,0.0,0.0,2787860.0,0.0,2787860.0,0
2017-05-30,1620.0,1620.0,1620.0,1620.0,1677.0,0.0,0.0,2787860.0,0.0,0.0,0.0,2787860.0,0.0,2787860.0,0
2017-05-31,1620.0,1620.0,1620.0,1620.0,1677.0,0.0,0.0,2787860.0,0.0,0.0,0.0,2787860.0,0.0,2787860.0,0
2017-06-01,1620.0,1620.0,1620.0,1620.0,1677.0,0.0,0.0,2787860.0,0.0,0.0,0.0,2787860.0,0.0,2787860.0,0
2017-06-02,1620.0,1620.0,1620.0,1620.0,1677.0,0.0,0.0,2787860.0,0.0,0.0,0.0,2787860.0,0.0,2787860.0,0
2017-06-05,1620.0,1620.0,1620.0,1620.0,1677.0,0.0,0.0,2787860.0,0.0,0.0,0.0,2787860.0,0.0,2787860.0,0
2017-06-07,1620.0,1620.0,1620.0,1620.0,1677.0,0.0,0.0,2787860.0,0.0,0.0,0.0,2787860.0,0.0,2787860.0,0
2017-06-08,1620.0,1620.0,1620.0,1620.0,1677.0,0.0,0.0,2787860.0,0.0,0.0,0.0,2787860.0,0.0,2787860.0,0
2017-06-09,1620.0,1620.0,1620.0,1620.0,1677.0,0.0,0.0,2787860.0,0.0,0.0,0.0,2787860.0,0.0,2787860.0,0
2017-06-12,1620.0,1620.0,1620.0,1620.0,1677.0,0.0,0.0,2787860.0,0.0,0.0,0.0,2787860.0,0.0,2787860.0,0
2017-06-13,1620.0,1620.0,1620.0,1620.0,1677.0,0.0,0.0,2787860.0,0.0,0.0,0.0,2787860.0,0.0,2787860.0,0
2017-06-14,1620.0,1620.0,1620.0,1620.0,1677.0,0.0,0.0,2787860.0,0.0,0.0,0.0,2787860.0,0.0,2787860.0,0
2017-06-15,1620.0,1620.0,1620.0,1620.0,1677.0,0.0,0.0,2787860.0,0.0,0.0,0.0,2787860.0,0.0,2787860.0,0
2017-06-16,1620.0,1620.0,1620.0,1620.0,1677.0,0.0,0.0,2787860.0,0.0,0.0,0.0,2787860.0,0.0,2787860.0,0
2017-06-19,1620.0,1620.0,1620.0,1620.0,1677.0,0.0,0.0,2787860.0,0.0,0.0,0.0,2787860.0,0.0,2787860.0,0
2017-06-20,1620.0,1620.0,1620.0,1620.0,1677.0,0.0,0.0,2787860.0,0.0,0.0,0.0,2787860.0,0.0,2787860.0,0
2017-06-21,1620.0,1620.0,1620.0,1620.0,1677.0,0.0,0.0,2787860.0,0.0,0.0,0.0,2787860.0,0.0,2787860.0,0
2017-06-22,1620.0,1620.0,1620.0,1620.0,1677.0,0.0,0.0,2787860.0,0.0,0.0,0.0,2787860.0,0.0,2787860.0,0
2017-06-23,1620.0,1620.0,1620.0,1620.0,1677.0,0.0,0.0,2787860.0,0.0,0.0,0.0,2787860.0,0.0,2787860.0,0
2017-06-26,1620.0,1620.0,1620.0,1620.0,1677.0,0.0,0.0,2787860.0,0.0,0.0,0.0,2787860.0,0.0,2787860.0,0
2017-06-27,1620.0,1620.0,1620.0,1620.0,1677.0,0.0,0.0,2787860.0,0.0,0.0,0.0,2787860.0,0.0,2787860.0,0
2017-06-28,1620.0,1620.0,1620.0,1620.0,1677.0,0.0,0.0,2787860.0,0.0,0.0,0.0,2787860.0,0.0,2787860.0,0
2017-06-29,1620.0,1620.0,1620.0,1620.0,1677.0,0.0,0.0,2787860.0,0.0,0.0,0.0,2787860.0,0.0,2787860.0,0
2017-06-30,1620.0,1620.0,1620.0,1620.0,1677.0,0.0,0.0,2787860.0,0.0,0.0,0.0,2787860.0,0.0,2787860.0,0
2017-07-03,1620.0,1620.0,1620.0,1620.0,1677.0,0.0,0.0,2787860.0,0.0,0.0,0.0,2787860.0,0.0,2787860.0,0
2017-07-04,1620.0,1620.0,1620.0,1620.0,1677.0,0.0,0.0,2787860.0,0.0,0.0,0.0,2787860.0,0.0,2787860.0,0
2017-07-05,1620.0,1620.0,1620.0,1620.0,1677.0,0.0,0.0,2787860.0,0.0,0.0,0.0,2787860.0,0.0,2787860.0,0
2017-07-06,1620.0,1620.0,1620.0,1620.0,1677.0,0.0,0.0,2787860.0,0.0,0.0,0.0,2787860.0,0.0,2787860.0,0
2017-07-07,1620.0,1620.0,1620.0,1620.0,1677.0,0.0,0.0,2787860.0,0.0,0.0,0.0,2787860.0,0.0,2787860.0,0
2017-07-10,1620.0,1620.0,1620.0,1620.0,1677.0,0.0,0.0,2787860.0,0.0,0.0,0.0,2787860.0,0.0,2787860.0,0
2017-07-11,1620.0,1620.0,1620.0,1620.0,1677.0,0.0,0.0,2787860.0,0.0,0.0,0.0,2787860.0,0.0,2787860.0,0
2017-07-12,1620.0,1620.0,1620.0,1620.0,1677.0,0.0,0.0,2787860.0,0.0,0.0,0.0,2787860.0,0.0,2787860.0,0
2017-07-13,1620.0,1620.0,1620.0,1620.0,1677.0,0.0,0.0,2787860.0,0.0,0.0,0.0,2787860.0,0.0,2787860.0,0
2017-07-14,1620.0,1620.0,1620.0,1620.0,1677.0,0.0,0.0,2787860.0,0.0,0.0,0.0,2787860.0,0.0,2787860.0,0
2017-07-17,1620.0,1620.0,1620.0,1620.0,1677.0,0.0,0.0,2787860.0,0.0,0.0,0.0,2787860.0,0.0,2787860.0,0
2017-07-18,1620.0,1620.0,1620.0,1620.0,1677.0,0.0,0.0,2787860.0,0.0,0.0,0.0,2787860.0,0.0,2787860.0,0
2017-07-19,1620.0,1620.0,1620.0,1620.0,1677.0,0.0,0.0,2787860.0,0.0,0.0,0.0,2787860.0,0.0,2787860.0,0
2017-07-20,1620.0,1620.0,1620.0,1620.0,1677.0,0.0,0.0,2787860.0,0.0,0.0,0.0,2787860.0,0.0,2787860.0,0
2017-07-21,1620.0,1620.0,1620.0,1620.0,1677.0,0.0,0.0,2787860.0,0.0,0.0,0.0,2787860.0,0.0,2787860.0,0
2017-07-24,1620.0,1620.0,1620.0,1620.0,1677.0,0.0,0.0,2787860.0,0.0,0.0,0.0,2787860.0,0.0,2787860.0,0
2017-07-25,1620.0,1620.0,1620.0,1620.0,1677.0,0.0,0.0,2787860.0,0.0,0.0,0.0,2787860.0,0.0,2787860.0,0
2017-07-26,1620.0,1620.0,1620.0,1620.0,1677.0,0.0,0.0,2787860.0,0.0,0.0,0.0,2787860.0,0.0,2787860.0,0
2017-07-27,1620.0,1620.0,1620.0,1620.0,1677.0,0.0,0.0,2787860.0,0.0,0.0,0.0,2787860.0,0.0,2787860.0,0
2017-07-28,1620.0,1620.0,1620.0,1620.0,1677.0,0.0,0.0,2787860.0,0.0,0.0,0.0,2787860.0,0.0,2787860.0,0
2017-07-31,1620.0,1620.0,1620.0,1620.0,1677.0,0.0,0.0,2787860.0,0.0,0.0,0.0,2787860.0,0.0,2787860.0,0
2017-08-01,1620.0,1620.0,1620.0,1620.0,1677.0,0.0,0.0,2787860.0,0.0,0.0,0.0,2787860.0,0.0,2787860.0,0
2017-08-02,1620.0,1620.0,1620.0,1620.0,1677.0,0.0,0.0,2787860.0,0.0,0.0,0.0,2787860.0,0.0,2787860.0,0
2017-08-03,1620.0,1620.0,1620.0,1620.0,1677.0,0.0,0.0,2787860.0,0.0,0.0,0.0,2787860.0,0.0,2787860.0,0
2017-08-04,1620.0,1620.0,1620.0,1620.0,1677.0,0.0,0.0,2787860.0,0.0,0.0,0.0,2787860.0,0.0,2787860.0,0
2017-08-07,1620.0,1620.0,1620.0,1620.0,1677.0,0.0,0.0,2787860.0,0.0,0.0,0.0,2787860.0,0.0,2787860.0,0
2017-08-08,1620.0,1620.0,1620.0,1620.0,1677.0,0.0,0.0,2787860.0,0.0,0.0,0.0,2787860.0,0.0,2787860.0,0
2017-08-09,1620.0,1620.0,1620.0,1620.0,1677.0,0.0,0.0,2787860.0,0.0,0.0,0.0,2787860.0,0.0,2787860.0,0
2017-08-10,1620.0,1620.0,1620.0,1620.0,1677.0,0.0,0.0,2787860.0,0.0,0.0,0.0,2787860.0,0.0,2787860.0,0
2017-08-11,1620.0,1620.0,1620.0,1620.0,1677.0,0.0,0.0,2787860.0,0.0,0.0,0.0,2787860.0,0.0,2787860.0,0
2017-08-14,1620.0,1620.0,1620.0,1620.0,1677.0,0.0,0.0,2787860.0,0.0,0.0,0.0,2787860.0,0.0,2787860.0,0
2017-08-16,1620.0,1620.0,1620.0,1620.0,1677.0,0.0,0.0,2787860.0,0.0,0.0,0.0,2787860.0,0.0,2787860.0,0
2017-08-17,1620.0,1620.0,1620.0,1620.0,1677.0,0.0,0.0,2787860.0,0.0,0.0,0.0,2787860.0,0.0,2787860.0,0
2017-08-18,1620.0,1620.0,1620.0,1620.0,1677.0,0.0,0.0,2787860.0,0.0,0.0,0.0,2787860.0,0.0,2787860.0,0
2017-08-21,1620.0,1620.0,1620.0,1620.0,1677.0,0.0,0.0,2787860.0,0.0,0.0,0.0,2787860.0,0.0,2787860.0,0
2017-08-22,1620.0,1620.0,1620.0,1620.0,1677.0,0.0,0.0,2787860.0,0.0,0.0,0.0,2787860.0,0.0,2787860.0,0
2017-08-23,1620.0,1620.0,1620.0,1620.0,1677.0,0.0,0.0,2787860.0,0.0,0.0,0.0,2787860.0,0.0,2787860.0,0
2017-08-24,1620.0,1620.0,1620.0,1620.0,1677.0,0.0,0.0,2787860.0,0.0,0.0,0.0,2787860.0,0.0,2787860.0,0
2017-08-25,1620.0,1620.0,1620.0,1620.0,1677.0,0.0,0.0,2787860.0,0.0,0.0,0.0,2787860.0,0.0,2787860.0,0
2017-08-28,1620.0,1620.0,1620.0,1620.0,1677.0,0.0,0.0,2787860.0,0.0,0.0,0.0,2787860.0,0.0,2787860.0,0
2017-08-29,1620.0,1620.0,1620.0,1620.0,1677.0,0.0,0.0,2787860.0,0.0,0.0,0.0,2787860.0,0.0,2787860.0,0
2017-08-30,1620.0,1620.0,1620.0,1620.0,1677.0,0.0,0.0,2787860.0,0.0,0.0,0.0,2787860.0,0.0,2787860.0,0
2017-08-31,1620.0,1620.0,1620.0,1620.0,1677.0,0.0,0.0,2787860.0,0.0,0.0,0.0,2787860.0,0.0,2787860.0,0
2017-09-01,1620.0,1620.0,1620.0,1620.0,1677.0,0.0,0.0,2787860.0,0.0,0.0,0.0,2787860.0,0.0,2787860.0,0
2017-09-04,1620.0,1620.0,1620.0,1620.0,1677.0,0.0,0.0,2787860.0,0.0,0.0,0.0,2787860.0,0.0,2787860.0,0
2017-09-05,1620.0,1620.0,1620.0,1620.0,1677.0,0.0,0.0,2787860.0,0.0,0.0,0.0,2787860.0,0.0,2787860.0,0
2017-09-06,1620.0,1620.0,1620.0,1620.0,1677.0,0.0,0.0,2787860.0,0.0,0.0,0.0,2787860.0,0.0,2787860.0,0
2017-09-07,1620.0,1620.0,1620.0,1620.0,1677.0,0.0,0.0,2787860.0,0.0,0.0,0.0,2787860.0,0.0,2787860.0,0
2017-09-08,1620.0,1620.0,1620.0,1620.0,1677.0,0.0,0.0,2787860.0,0.0,0.0,0.0,2787860.0,0.0,2787860.0,0
2017-09-11,1620.0,1620.0,1620.0,1620.0,1677.0,0.0,0.0,2787860.0,0.0,0.0,0.0,2787860.0,0.0,2787860.0,0
2017-09-12,1620.0,1620.0,1620.0,1620.0,1677.0,0.0,0.0,2787860.0,0.0,0.0,0.0,2787860.0,0.0,2787860.0,0
2017-09-13,1620.0,1620.0,1620.0,1620.0,1677.0,0.0,0.0,2787860.0,0.0,0.0,0.0,2787860.0,0.0,2787860.0,0
2017-09-14,1620.0,1620.0,1620.0,1620.0,1677.0,0.0,0.0,2787860.0,0.0,0.0,0.0,2787860.0,0.0,2787860.0,0
2017-09-15,1620.0,1620.0,1620.0,1620.0,1677.0,0.0,0.0,2787860.0,0.0,0.0,0.0,2787860.0,0.0,2787860.0,0
2017-09-18,1620.0,1620.0,1620.0,1620.0,1677.0,0.0,0.0,2787860.0,0.0,0.0,0.0,2787860.0,0.0,2787860.0,0
2017-09-19,1620.0,1620.0,1620.0,1620.0,1677.0,0.0,0.0,2787860.0,0.0,0.0,0.0,2787860.0,0.0,2787860.0,0
2017-09-20,1620.0,1620.0,1620.0,1620.0,1677.0,0.0,0.0,2787860.0,0.0,0.0,0.0,2787860.0,0.0,2787860.0,0
2017-09-21,1620.0,1620.0,1620.0,1620.0,1677.0,0.0,0.0,2787860.0,0.0,0.0,0.0,2787860.0,0.0,2787860.0,0
2017-09-22,1620.0,1620.0,1620.0,1620.0,1677.0,0.0,0.0,2787860.0,0.0,0.0,0.0,2787860.0,0.0,2787860.0,0
2017-09-25,1620.0,1620.0,1620.0,1620.0,1677.0,0.0,0.0,2787860.0,0.0,0.0,0.0,2787860.0,0.0,2787860.0,0
2017-09-26,1620.0,1620.0,1620.0,1620.0,1677.0,0.0,0.0,2787860.0,0.0,0.0,0.0,2787860.0,0.0,2787860.0,0
2017-09-27,1620.0,1620.0,1620.0,1620.0,1677.0,0.0,0.0,2787860.0,0.0,0.0,0.0,2787860.0,0.0,2787860.0,0
2017-09-28,1620.0,1620.0,1620.0,1620.0,1677.0,0.0,0.0,2787860.0,0.0,0.0,0.0,2787860.0,0.0,2787860.0,0
2017-09-29,1620.0,1620.0,1620.0,1620.0,1677.0,0.0,0.0,2787860.0,0.0,0.0,0.0,2787860.0,0.0,2787860.0,0
2017-10-10,1620.0,1620.0,1620.0,1620.0,1677.0,0.0,0.0,2787860.0,0.0,0.0,0.0,2787860.0,0.0,2787860.0,0
2017-10-11,1620.0,1620.0,1620.0,1620.0,1677.0,0.0,0.0,2787860.0,0.0,0.0,0.0,2787860.0,0.0,2787860.0,0
2017-10-12,1620.0,1620.0,1620.0,1620.0,1677.0,0.0,0.0,2787860.0,0.0,0.0,0.0,2787860.0,0.0,2787860.0,0
2017-10-13,1620.0,1620.0,1620.0,1620.0,1677.0,0.0,0.0,2787860.0,0.0,0.0,0.0,2787860.0,0.0,2787860.0,0
2017-10-16,1620.0,1620.0,1620.0,1620.0,1677.0,0.0,0.0,2787860.0,0.0,0.0,0.0,2787860.0,0.0,2787860.0,0
2017-10-17,1620.0,1620.0,1620.0,1620.0,1677.0,0.0,0.0,2787860.0,0.0,0.0,0.0,2787860.0,0.0,2787860.0,0
2017-10-18,1620.0,1620.0,1620.0,1620.0,1677.0,0.0,0.0,2787860.0,0.0,0.0,0.0,2787860.0,0.0,2787860.0,0
2017-10-19,1620.0,1620.0,1620.0,1620.0,1677.0,0.0,0.0,2787860.0,0.0,0.0,0.0,2787860.0,0.0,2787860.0,0
2017-10-20,1620.0,1620.0,1620.0,1620.0,1677.0,0.0,0.0,2787860.0,0.0,0.0,0.0,2787860.0,0.0,2787860.0,0
2017-10-23,1620.0,1620.0,1620.0,1620.0,1677.0,0.0,0.0,2787860.0,0.0,0.0,0.0,2787860.0,0.0,2787860.0,0
2017-10-24,1620.0,1620.0,1620.0,1620.0,1677.0,0.0,0.0,2787860.0,0.0,0.0,0.0,2787860.0,0.0,2787860.0,0
2017-10-25,1620.0,1620.0,1620.0,1620.0,1677.0,0.0,0.0,2787860.0,0.0,0.0,0.0,2787860.0,0.0,2787860.0,0
2017-10-26,1620.0,1620.0,1620.0,1620.0,1677.0,0.0,0.0,2787860.0,0.0,0.0,0.0,2787860.0,0.0,2787860.0,0
2017-10-27,1620.0,1620.0,1620.0,1620.0,1677.0,0.0,0.0,2787860.0,0.0,0.0,0.0,2787860.0,0.0,2787860.0,0
2017-10-30,1620.0,1620.0,1620.0,1620.0,1677.0,0.0,0.0,2787860.0,0.0,0.0,0.0,2787860.0,0.0,2787860.0,0
2017-10-31,1620.0,1620.0,1620.0,1620.0,1677.0,0.0,0.0,2787860.0,0.0,0.0,0.0,2787860.0,0.0,2787860.0,0
2017-11-01,1620.0,1620.0,1620.0,1620.0,1677.0,0.0,0.0,2787860.0,0.0,0.0,0.0,2787860.0,0.0,2787860.0,0
2017-11-02,1620.0,1620.0,1620.0,1620.0,1677.0,0.0,0.0,2787860.0,0.0,0.0,0.0,2787860.0,0.0,2787860.0,0
2017-11-03,1620.0,1620.0,1620.0,1620.0,1677.0,0.0,0.0,2787860.0,0.0,0.0,0.0,2787860.0,0.0,2787860.0,0
2017-11-06,1620.0,1620.0,1620.0,1620.0,1677.0,0.0,0.0,2787860.0,0.0,0.0,0.0,2787860.0,0.0,2787860.0,0
2017-11-07,1620.0,1620.0,1620.0,1620.0,1677.0,0.0,0.0,2787860.0,0.0,0.0,0.0,2787860.0,0.0,2787860.0,0
2017-11-08,1620.0,1620.0,1620.0,1620.0,1677.0,0.0,0.0,2787860.0,0.0,0.0,0.0,2787860.0,0.0,2787860.0,0
2017-11-09,1620.0,1620.0,1620.0,1620.0,1677.0,0.0,0.0,2787860.0,0.0,0.0,0.0,2787860.0,0.0,2787860.0,0
2017-11-10,1620.0,1620.0,1620.0,1620.0,1677.0,0.0,0.0,2787860.0,0.0,0.0,0.0,2787860.0,0.0,2787860.0,0
2017-11-13,1620.0,1620.0,1620.0,1620.0,1677.0,0.0,0.0,2787860.0,0.0,0.0,0.0,2787860.0,0.0,2787860.0,0
2017-11-14,1620.0,1620.0,1620.0,1620.0,1677.0,0.0,0.0,2787860.0,0.0,0.0,0.0,2787860.0,0.0,2787860.0,0
2017-11-15,1620.0,1620.0,1620.0,1620.0,1677.0,0.0,0.0,2787860.0,0.0,0.0,0.0,2787860.0,0.0,2787860.0,0
2017-11-16,1620.0,1620.0,1620.0,1620.0,1677.0,0.0,0.0,2787860.0,0.0,0.0,0.0,2787860.0,0.0,2787860.0,0
2017-11-17,1620.0,1620.0,1620.0,1620.0,1677.0,0.0,0.0,2787860.0,0.0,0.0,0.0,2787860.0,0.0,2787860.0,0
2017-11-20,1620.0,1620.0,1620.0,1620.0,1677.0,0.0,0.0,2787860.0,0.0,0.0,0.0,2787860.0,0.0,2787860.0,0
2017-11-21,1620.0,1620.0,1620.0,1620.0,1677.0,0.0,0.0,2787860.0,0.0,0.0,0.0,2787860.0,0.0,2787860.0,0
2017-11-22,1620.0,1620.0,1620.0,1620.0,1677.0,0.0,0.0,2787860.0,0.0,0.0,0.0,2787860.0,0.0,2787860.0,0
2017-11-23,1620.0,1620.0,1620.0,1620.0,1677.0,0.0,0.0,2787860.0,0.0,0.0,0.0,2787860.0,0.0,2787860.0,0
2017-11-24,1620.0,1620.0,1620.0,1620.0,1677.0,0.0,0.0,2787860.0,0.0,0.0,0.0,2787860.0,0.0,2787860.0,0
2017-11-27,1620.0,1620.0,1620.0,1620.0,1677.0,0.0,0.0,2787860.0,0.0,0.0,0.0,2787860.0,0.0,2787860.0,0
2017-11-28,1620.0,1620.0,1620.0,1620.0,1677.0,0.0,0.0,2787860.0,0.0,0.0,0.0,2787860.0,0.0,2787860.0,0
2017-11-29,1620.0,1620.0,1620.0,1620.0,1677.0,0.0,0.0,2787860.0,0.0,0.0,0.0,2787860.0,0.0,2787860.0,0
2017-11-30,1620.0,1620.0,1620.0,1620.0,1677.0,0.0,0.0,2787860.0,0.0,0.0,0.0,2787860.0,0.0,2787860.0,0
2017-12-01,1620.0,1620.0,1620.0,1620.0,1677.0,0.0,0.0,2787860.0,0.0,0.0,0.0,2787860.0,0.0,2787860.0,0
2017-12-04,1620.0,1620.0,1620.0,1620.0,1677.0,0.0,0.0,2787860.0,0.0,0.0,0.0,2787860.0,0.0,2787860.0,0
2017-12-05,1620.0,1620.0,1620.0,1620.0,1677.0,0.0,0.0,2787860.0,0.0,0.0,0.0,2787860.0,0.0,2787860.0,0
2017-12-06,1620.0,1620.0,1620.0,1620.0,1677.0,0.0,0.0,2787860.0,0.0,0.0,0.0,2787860.0,0.0,2787860.0,0
2017-12-07,1620.0,1620.0,1620.0,1620.0,1677.0,0.0,0.0,2787860.0,0.0,0.0,0.0,2787860.0,0.0,2787860.0,0
2017-12-08,1620.0,1620.0,1620.0,1620.0,1677.0,0.0,0.0,2787860.0,0.0,0.0,0.0,2787860.0,0.0,2787860.0,0
2017-12-11,1620.0,1620.0,1620.0,1620.0,1677.0,0.0,0.0,2787860.0,0.0,0.0,0.0,2787860.0,0.0,2787860.0,0
2017-12-12,1620.0,1620.0,1620.0,1620.0,1677.0,0.0,0.0,2787860.0,0.0,0.0,0.0,2787860.0,0.0,2787860.0,0
2017-12-13,1620.0,1620.0,1620.0,1620.0,1677.0,0.0,0.0,2787860.0,0.0,0.0,0.0,2787860.0,0.0,2787860.0,0
2017-12-14,1620.0,1620.0,1620.0,1620.0,1677.0,0.0,0.0,2787860.0,0.0,0.0,0.0,2787860.0,0.0,2787860.0,0
2017-12-15,1620.0,1620.0,1620.0,1620.0,1677.0,0.0,0.0,2787860.0,0.0,0.0,0.0,2787860.0,0.0,2787860.0,0
2017-12-18,1620.0,1620.0,1620.0,1620.0,1677.0,0.0,0.0,2787860.0,0.0,0.0,0.0,2787860.0,0.0,2787860.0,0
2017-12-19,1620.0,1620.0,1620.0,1620.0,1677.0,0.0,0.0,2787860.0,0.0,0.0,0.0,2787860.0,0.0,2787860.0,0
2017-12-20,1620.0,1620.0,1620.0,1620.0,1677.0,0.0,0.0,2787860.0,0.0,0.0,0.0,2787860.0,0.0,2787860.0,0
2017-12-21,1620.0,1620.0,1620.0,1620.0,1677.0,0.0,0.0,2787860.0,0.0,0.0,0.0,2787860.0,0.0,2787860.0,0
2017-12-22,1620.0,1620.0,1620.0,1620.0,1677.0,0.0,0.0,2787860.0,0.0,0.0,0.0,2787860.0,0.0,2787860.0,0
2017-12-26,1620.0,1620.0,1620.0,1620.0,1677.0,0.0,0.0,2787860.0,0.0,0.0,0.0,2787860.0,0.0,2787860.0,0
2017-12-27,1620.0,1620.0,1620.0,1620.0,1677.0,0.0,0.0,2787860.0,0.0,0.0,0.0,2787860.0,0.0,2787860.0,0
2017-12-28,1620.0,1620.0,1620.0,1620.0,1677.0,0.0,0.0,2787860.0,0.0,0.0,0.0,2787860.0,0.0,2787860.0,0
2018-01-02,1620.0,1620.0,1620.0,1620.0,1677.0,0.0,0.0,2787860.0,0.0,0.0,0.0,2787860.0,0.0,2787860.0,0
2018-01-03,1620.0,1620.0,1620.0,1620.0,1677.0,0.0,0.0,2787860.0,0.0,0.0,0.0,2787860.0,0.0,2787860.0,0
2018-01-04,1620.0,1620.0,1620.0,1620.0,1677.0,0.0,0.0,2787860.0,0.0,0.0,0.0,2787860.0,0.0,2787860.0,0
2018-01-05,1620.0,1620.0,1620.0,1620.0,1677.0,0.0,0.0,2787860.0,0.0,0.0,0.0,2787860.0,0.0,2787860.0,0
2018-01-08,1620.0,1620.0,1620.0,1620.0,1677.0,0.0,0.0,2787860.0,0.0,0.0,0.0,2787860.0,0.0,2787860.0,0
2018-01-09,1620.0,1620.0,1620.0,1620.0,1677.0,0.0,0.0,2787860.0,0.0,0.0,0.0,2787860.0,0.0,2787860.0,0
2018-01-10,1620.0,1620.0,1620.0,1620.0,1677.0,0.0,0.0,2787860.0,0.0,0.0,0.0,2787860.0,0.0,2787860.0,0
2018-01-11,1620.0,1620.0,1620.0,1620.0,1677.0,0.0,0.0,2787860.0,0.0,0.0,0.0,2787860.0,0.0,2787860.0,0
2018-01-12,1620.0,1620.0,1620.0,1620.0,1677.0,0.0,0.0,2787860.0,0.0,0.0,0.0,2787860.0,0.0,2787860.0,0
2018-01-15,1620.0,1620.0,1620.0,1620.0,1677.0,0.0,0.0,2787860.0,0.0,0.0,0.0,2787860.0,0.0,2787860.0,0
2018-01-16,1620.0,1620.0,1620.0,1620.0,1677.0,0.0,0.0,2787860.0,0.0,0.0,0.0,2787860.0,0.0,2787860.0,0
2018-01-17,1620.0,1620.0,1620.0,1620.0,1677.0,0.0,0.0,2787860.0,0.0,0.0,0.0,2787860.0,0.0,2787860.0,0
2018-01-18,1620.0,1620.0,1620.0,1620.0,1677.0,0.0,0.0,2787860.0,0.0,0.0,0.0,2787860.0,0.0,2787860.0,0
2018-01-19,1620.0,1620.0,1620.0,1620.0,1677.0,0.0,0.0,2787860.0,0.0,0.0,0.0,2787860.0,0.0,2787860.0,0
2018-01-22,1620.0,1620.0,1620.0,1620.0,1677.0,0.0,0.0,2787860.0,0.0,0.0,0.0,2787860.0,0.0,2787860.0,0
2018-01-23,1620.0,1620.0,1620.0,1620.0,1677.0,0.0,0.0,2787860.0,0.0,0.0,0.0,2787860.0,0.0,2787860.0,0
2018-01-24,1620.0,1620.0,1620.0,1620.0,1677.0,0.0,0.0,2787860.0,0.0,0.0,0.0,2787860.0,0.0,2787860.0,0
2018-01-25,1620.0,1620.0,1620.0,1620.0,1677.0,0.0,0.0,2787860.0,0.0,0.0,0.0,2787860.0,0.0,2787860.0,0
2018-01-26,1620.0,1620.0,1620.0,1620.0,1677.0,0.0,0.0,2787860.0,0.0,0.0,0.0,2787860.0,0.0,2787860.0,0
2018-01-29,1620.0,1620.0,1620.0,1620.0,1677.0,0.0,0.0,2787860.0,0.0,0.0,0.0,2787860.0,0.0,2787860.0,0
2018-01-30,1620.0,1620.0,1620.0,1620.0,1677.0,0.0,0.0,2787860.0,0.0,0.0,0.0,2787860.0,0.0,2787860.0,0
2018-01-31,1620.0,1620.0,1620.0,1620.0,1677.0,0.0,0.0,2787860.0,0.0,0.0,0.0,2787860.0,0.0,2787860.0,0
2018-02-01,1620.0,1620.0,1620.0,1620.0,1677.0,0.0,0.0,2787860.0,0.0,0.0,0.0,2787860.0,0.0,2787860.0,0
2018-02-02,1620.0,1620.0,1620.0,1620.0,1677.0,0.0,0.0,2787860.0,0.0,0.0,0.0,2787860.0,0.0,2787860.0,0
2018-02-05,1620.0,1620.0,1620.0,1620.0,1677.0,0.0,0.0,2787860.0,0.0,0.0,0.0,2787860.0,0.0,2787860.0,0
2018-02-06,1620.0,1620.0,1620.0,1620.0,1677.0,0.0,0.0,2787860.0,0.0,0.0,0.0,2787860.0,0.0,2787860.0,0
2018-02-07,1620.0,1620.0,1620.0,1620.0,1677.0,0.0,0.0,2787860.0,0.0,0.0,0.0,2787860.0,0.0,2787860.0,0
2018-02-08,1620.0,1620.0,1620.0,1620.0,1677.0,0.0,0.0,2787860.0,0.0,0.0,0.0,2787860.0,0.0,2787860.0,0
2018-02-09,1620.0,1620.0,1620.0,1620.0,1677.0,0.0,0.0,2787860.0,0.0,0.0,0.0,2787860.0,0.0,2787860.0,0
2018-02-12,1620.0,1620.0,1620.0,1620.0,1677.0,0.0,0.0,2787860.0,0.0,0.0,0.0,2787860.0,0.0,2787860.0,0
2018-02-13,1620.0,1620.0,1620.0,1620.0,1677.0,0.0,0.0,2787860.0,0.0,0.0,0.0,2787860.0,0.0,2787860.0,0
2018-02-14,1620.0,1620.0,1620.0,1620.0,1677.0,0.0,0.0,2787860.0,0.0,0.0,0.0,2787860.0,0.0,2787860.0,0
2018-02-19,1620.0,1620.0,1620.0,1620.0,1677.0,0.0,0.0,2787860.0,0.0,0.0,0.0,2787860.0,0.0,2787860.0,0
2018-02-20,1620.0,1620.0,1620.0,1620.0,1677.0,0.0,0.0,2787860.0,0.0,0.0,0.0,2787860.0,0.0,2787860.0,0
2018-02-21,1620.0,1620.0,1620.0,1620.0,1677.0,0.0,0.0,2787860.0,0.0,0.0,0.0,2787860.0,0.0,2787860.0,0
2018-02-22,1620.0,1620.0,1620.0,1620.0,1677.0,0.0,0.0,2787860.0,0.0,0.0,0.0,2787860.0,0.0,2787860.0,0
2018-02-23,1620.0,1620.0,1620.0,1620.0,1677.0,0.0,0.0,2787860.0,0.0,0.0,0.0,2787860.0,0.0,2787860.0,0
2018-02-26,1620.0,1620.0,1620.0,1620.0,1677.0,0.0,0.0,2787860.0,0.0,0.0,0.0,2787860.0,0.0,2787860.0,0
2018-02-27,1620.0,1620.0,1620.0,1620.0,1677.0,0.0,0.0,2787860.0,0.0,0.0,0.0,2787860.0,0.0,2787860.0,0
2018-02-28,1620.0,1620.0,1620.0,1620.0,1677.0,0.0,0.0,2787860.0,0.0,0.0,0.0,2787860.0,0.0,2787860.0,0
2018-03-02,1620.0,1620.0,1620.0,1620.0,1677.0,0.0,0.0,2787860.0,0.0,0.0,0.0,2787860.0,0.0,2787860.0,0
2018-03-05,1620.0,1620.0,1620.0,1620.0,1677.0,0.0,0.0,2787860.0,0.0,0.0,0.0,2787860.0,0.0,2787860.0,0
2018-03-06,1620.0,1620.0,1620.0,1620.0,1677.0,0.0,0.0,2787860.0,0.0,0.0,0.0,2787860.0,0.0,2787860.0,0
2018-03-07,1620.0,1620.0,1620.0,1620.0,1677.0,0.0,0.0,2787860.0,0.0,0.0,0.0,2787860.0,0.0,2787860.0,0
2018-03-08,1620.0,1620.0,1620.0,1620.0,1677.0,0.0,0.0,2787860.0,0.0,0.0,0.0,2787860.0,0.0,2787860.0,0
2018-03-09,1620.0,1620.0,1620.0,1620.0,1677.0,0.0,0.0,2787860.0,0.0,0.0,0.0,2787860.0,0.0,2787860.0,0
2018-03-12,1620.0,1620.0,1620.0,1620.0,1677.0,0.0,0.0,2787860.0,0.0,0.0,0.0,2787860.0,0.0,2787860.0,0
2018-03-13,1620.0,1620.0,1620.0,1620.0,1677.0,0.0,0.0,2787860.0,0.0,0.0,0.0,2787860.0,0.0,2787860.0,0
2018-03-14,1620.0,1620.0,1620.0,1620.0,1677.0,0.0,0.0,2787860.0,0.0,0.0,0.0,2787860.0,0.0,2787860.0,0
2018-03-15,1620.0,1620.0,1620.0,1620.0,1677.0,0.0,0.0,2787860.0,0.0,0.0,0.0,2787860.0,0.0,2787860.0,0
2018-03-16,1620.0,1620.0,1620.0,1620.0,1677.0,0.0,0.0,2787860.0,0.0,0.0,0.0,2787860.0,0.0,2787860.0,0
2018-03-19,1620.0,1620.0,1620.0,1620.0,1677.0,0.0,0.0,2787860.0,0.0,0.0,0.0,2787860.0,0.0,2787860.0,0
2018-03-20,1620.0,1620.0,1620.0,1620.0,1677.0,0.0,0.0,2787860.0,0.0,0.0,0.0,2787860.0,0.0,2787860.0,0
2018-03-21,1620.0,1620.0,1620.0,1620.0,1677.0,0.0,0.0,2787860.0,0.0,0.0,0.0,2787860.0,0.0,2787860.0,0
2018-03-22,1620.0,1620.0,1620.0,1620.0,1677.0,0.0,0.0,2787860.0,0.0,0.0,0.0,2787860.0,0.0,2787860.0,0
2018-03-23,1620.0,1620.0,1620.0,1620.0,1677.0,0.0,0.0,2787860.0,0.0,0.0,0.0,2787860.0,0.0,2787860.0,0
2018-03-26,1620.0,1620.0,1620.0,1620.0,1677.0,0.0,0.0,2787860.0,0.0,0.0,0.0,2787860.0,0.0,2787860.0,0
2018-03-27,1620.0,1620.0,1620.0,1620.0,1677.0,0.0,0.0,2787860.0,0.0,0.0,0.0,2787860.0,0.0,2787860.0,0
2018-03-28,1620.0,1620.0,1620.0,1620.0,1677.0,0.0,0.0,2787860.0,0.0,0.0,0.0,2787860.0,0.0,2787860.0,0
2018-03-29,1620.0,1620.0,1620.0,1620.0,1677.0,0.0,0.0,2787860.0,0.0,0.0,0.0,2787860.0,0.0,2787860.0,0
2018-03-30,1620.0,1620.0,1620.0,1620.0,1677.0,0.0,0.0,2787860.0,0.0,0.0,0.0,2787860.0,0.0,2787860.0,0
2018-04-02,1620.0,1620.0,1620.0,1620.0,1677.0,0.0,0.0,2787860.0,0.0,0.0,0.0,2787860.0,0.0,2787860.0,0
2018-04-03,1620.0,1620.0,1620.0,1620.0,1677.0,0.0,0.0,2787860.0,0.0,0.0,0.0,2787860.0,0.0,2787860.0,0
2018-04-04,1620.0,1620.0,1620.0,1620.0,1677.0,0.0,0.0,2787860.0,0.0,0.0,0.0,2787860.0,0.0,2787860.0,0
2018-04-05,1620.0,1620.0,1620.0,1620.0,1677.0,0.0,0.0,2787860.0,0.0,0.0,0.0,2787860.0,0.0,2787860.0,0
2018-04-06,1620.0,1620.0,1620.0,1620.0,1677.0,0.0,0.0,2787860.0,0.0,0.0,0.0,2787860.0,0.0,2787860.0,0
2018-04-09,1620.0,1620.0,1620.0,1620.0,1677.0,0.0,0.0,2787860.0,0.0,0.0,0.0,2787860.0,0.0,2787860.0,0
2018-04-10,1620.0,1620.0,1620.0,1620.0,1677.0,0.0,0.0,2787860.0,0.0,0.0,0.0,2787860.0,0.0,2787860.0,0
2018-04-11,1620.0,1620.0,1620.0,1620.0,1677.0,0.0,0.0,2787860.0,0.0,0.0,0.0,2787860.0,0.0,2787860.0,0
2018-04-12,1620.0,1620.0,1620.0,1620.0,1677.0,0.0,0.0,2787860.0,0.0,0.0,0.0,2787860.0,0.0,2787860.0,0
2018-04-13,1620.0,1620.0,1620.0,1620.0,1677.0,0.0,0.0,2787860.0,0.0,0.0,0.0,2787860.0,0.0,2787860.0,0
2018-04-16,1620.0,1620.0,1620.0,1620.0,1677.0,0.0,0.0,2787860.0,0.0,0.0,0.0,2787860.0,0.0,2787860.0,0
2018-04-17,1620.0,1620.0,1620.0,1620.0,1677.0,0.0,0.0,2787860.0,0.0,0.0,0.0,2787860.0,0.0,2787860.0,0
2018-04-18,1620.0,1620.0,1620.0,1620.0,1677.0,0.0,0.0,2787860.0,0.0,0.0,0.0,2787860.0,0.0,2787860.0,0
2018-04-19,1620.0,1620.0,1620.0,1620.0,1677.0,0.0,0.0,2787860.0,0.0,0.0,0.0,2787860.0,0.0,2787860.0,0
2018-04-20,1620.0,1620.0,1620.0,1620.0,1677.0,0.0,0.0,2787860.0,0.0,0.0,0.0,2787860.0,0.0,2787860.0,0
2018-04-23,1620.0,1620.0,1620.0,1620.0,1677.0,0.0,0.0,2787860.0,0.0,0.0,0.0,2787860.0,0.0,2787860.0,0
2018-04-24,1620.0,1620.0,1620.0,1620.0,1677.0,0.0,0.0,2787860.0,0.0,0.0,0.0,2787860.0,0.0,2787860.0,0
2018-04-25,1620.0,1620.0,1620.0,1620.0,1677.0,0.0,0.0,2787860.0,0.0,0.0,0.0,2787860.0,0.0,2787860.0,0
2018-04-26,1620.0,1620.0,1620.0,1620.0,1677.0,0.0,0.0,2787860.0,0.0,0.0,0.0,2787860.0,0.0,2787860.0,0
2018-04-27,1620.0,1620.0,1620.0,1620.0,1677.0,0.0,0.0,2787860.0,0.0,0.0,0.0,2787860.0,0.0,2787860.0,0
2018-04-30,1620.0,1620.0,1620.0,1620.0,1677.0,0.0,0.0,2787860.0,0.0,0.0,0.0,2787860.0,0.0,2787860.0,0
2018-05-02,1620.0,1620.0,1620.0,1620.0,1677.0,0.0,0.0,2787860.0,0.0,0.0,0.0,2787860.0,0.0,2787860.0,0
2018-05-03,1620.0,1620.0,1620.0,1620.0,1677.0,0.0,0.0,2787860.0,0.0,0.0,0.0,2787860.0,0.0,2787860.0,0
2018-05-04,1620.0,1620.0,1620.0,1620.0,1677.0,0.0,0.0,2787860.0,0.0,0.0,0.0,2787860.0,0.0,2787860.0,0
2018-05-08,1620.0,1620.0,1620.0,1620.0,1677.0,0.0,0.0,2787860.0,0.0,0.0,0.0,2787860.0,0.0,2787860.0,0
2018-05-09,1620.0,1620.0,1620.0,1620.0,1677.0,0.0,0.0,2787860.0,0.0,0.0,0.0,2787860.0,0.0,2787860.0,0
2018-05-10,1620.0,1620.0,1620.0,1620.0,1677.0,0.0,0.0,2787860.0,0.0,0.0,0.0,2787860.0,0.0,2787860.0,0
2018-05-11,1620.0,1620.0,1620.0,1620.0,1677.0,0.0,0.0,2787860.0,0.0,0.0,0.0,2787860.0,0.0,2787860.0,0
2018-05-14,1620.0,1620.0,1620.0,1620.0,1677.0,0.0,0.0,2787860.0,0.0,0.0,0.0,2787860.0,0.0,2787860.0,0
2018-05-15,1620.0,1620.0,1620.0,1620.0,1677.0,0.0,0.0,2787860.0,0.0,0.0,0.0,2787860.0,0.0,2787860.0,0
2018-05-16,1620.0,1620.0,1620.0,1620.0,1677.0,0.0,0.0,2787860.0,0.0,0.0,0.0,2787860.0,0.0,2787860.0,0
2018-05-17,1620.0,1620.0,1620.0,1620.0,1677.0,0.0,0.0,2787860.0,0.0,0.0,0.0,2787860.0,0.0,2787860.0,0
2018-05-18,1620.0,1620.0,1620.0,1620.0,1677.0,0.0,0.0,2787860.0,0.0,0.0,0.0,2787860.0,0.0,2787860.0,0
2018-05-21,1620.0,1620.0,1620.0,1620.0,1677.0,0.0,0.0,2787860.0,0.0,0.0,0.0,2787860.0,0.0,2787860.0,0
2018-05-23,1620.0,1620.0,1620.0,1620.0,1677.0,0.0,0.0,2787860.0,0.0,0.0,0.0,2787860.0,0.0,2787860.0,0
2018-05-24,1620.0,1620.0,1620.0,1620.0,1677.0,0.0,0.0,2787860.0,0.0,0.0,0.0,2787860.0,0.0,2787860.0,0
2018-05-25,1620.0,1620.0,1620.0,1620.0,1677.0,0.0,0.0,2787860.0,0.0,0.0,0.0,2787860.0,0.0,2787860.0,0
2018-05-28,1620.0,1620.0,1620.0,1620.0,1677.0,0.0,0.0,2787860.0,0.0,0.0,0.0,2787860.0,0.0,2787860.0,0
2018-05-29,1620.0,1620.0,1620.0,1620.0,1677.0,0.0,0.0,2787860.0,0.0,0.0,0.0,2787860.0,0.0,2787860.0,0
2018-05-30,1620.0,1620.0,1620.0,1620.0,1677.0,0.0,0.0,2787860.0,0.0,0.0,0.0,2787860.0,0.0,2787860.0,0
2018-05-31,1620.0,1620.0,1620.0,1620.0,1677.0,0.0,0.0,2787860.0,0.0,0.0,0.0,2787860.0,0.0,2787860.0,0
2018-06-01,1620.0,1620.0,1620.0,1620.0,1677.0,0.0,0.0,2787860.0,0.0,0.0,0.0,2787860.0,0.0,2787860.0,0
2018-06-04,1620.0,1620.0,1620.0,1620.0,1677.0,0.0,0.0,2787860.0,0.0,0.0,0.0,2787860.0,0.0,2787860.0,0
2018-06-05,1620.0,1620.0,1620.0,1620.0,1677.0,0.0,0.0,2787860.0,0.0,0.0,0.0,2787860.0,0.0,2787860.0,0
2018-06-07,1620.0,1620.0,1620.0,1620.0,1677.0,0.0,0.0,2787860.0,0.0,0.0,0.0,2787860.0,0.0,2787860.0,0
2018-06-08,1620.0,1620.0,1620.0,1620.0,1677.0,0.0,0.0,2787860.0,0.0,0.0,0.0,2787860.0,0.0,2787860.0,0
2018-06-11,1620.0,1620.0,1620.0,1620.0,1677.0,0.0,0.0,2787860.0,0.0,0.0,0.0,2787860.0,0.0,2787860.0,0
2018-06-12,1620.0,1620.0,1620.0,1620.0,1677.0,0.0,0.0,2787860.0,0.0,0.0,0.0,2787860.0,0.0,2787860.0,0
2018-06-14,1620.0,1620.0,1620.0,1620.0,1677.0,0.0,0.0,2787860.0,0.0,0.0,0.0,2787860.0,0.0,2787860.0,0
2018-06-15,1620.0,1620.0,1620.0,1620.0,1677.0,0.0,0.0,2787860.0,0.0,0.0,0.0,2787860.0,0.0,2787860.0,0
2018-06-18,1620.0,1620.0,1620.0,1620.0,1677.0,0.0,0.0,2787860.0,0.0,0.0,0.0,2787860.0,0.0,2787860.0,0
2018-06-19,1620.0,1620.0,1620.0,1620.0,1677.0,0.0,0.0,2787860.0,0.0,0.0,0.0,2787860.0,0.0,2787860.0,0
2018-06-20,1620.0,1620.0,1620.0,1620.0,1677.0,0.0,0.0,2787860.0,0.0,0.0,0.0,2787860.0,0.0,2787860.0,0
2018-06-21,1620.0,1620.0,1620.0,1620.0,1677.0,0.0,0.0,2787860.0,0.0,0.0,0.0,2787860.0,0.0,2787860.0,0
2018-06-22,1620.0,1620.0,1620.0,1620.0,1677.0,0.0,0.0,2787860.0,0.0,0.0,0.0,2787860.0,0.0,2787860.0,0
2018-06-25,1620.0,1620.0,1620.0,1620.0,1677.0,0.0,0.0,2787860.0,0.0,0.0,0.0,2787860.0,0.0,2787860.0,0
2018-06-26,1620.0,1620.0,1620.0,1620.0,1677.0,0.0,0.0,2787860.0,0.0,0.0,0.0,2787860.0,0.0,2787860.0,0
2018-06-27,1620.0,1620.0,1620.0,1620.0,1677.0,0.0,0.0,2787860.0,0.0,0.0,0.0,2787860.0,0.0,2787860.0,0
2018-06-28,1620.0,1620.0,1620.0,1620.0,1677.0,0.0,0.0,2787860.0,0.0,0.0,0.0,2787860.0,0.0,2787860.0,0
2018-06-29,1620.0,1620.0,1620.0,1620.0,1677.0,0.0,0.0,2787860.0,0.0,0.0,0.0,2787860.0,0.0,2787860.0,0
2018-07-02,1620.0,1620.0,1620.0,1620.0,1677.0,0.0,0.0,2787860.0,0.0,0.0,0.0,2787860.0,0.0,2787860.0,0
2018-07-03,1620.0,1620.0,1620.0,1620.0,1677.0,0.0,0.0,2787860.0,0.0,0.0,0.0,2787860.0,0.0,2787860.0,0
2018-07-04,1620.0,1620.0,1620.0,1620.0,1677.0,0.0,0.0,2787860.0,0.0,0.0,0.0,2787860.0,0.0,2787860.0,0
2018-07-05,1620.0,1620.0,1620.0,1620.0,1677.0,0.0,0.0,2787860.0,0.0,0.0,0.0,2787860.0,0.0,2787860.0,0
2018-07-06,1620.0,1620.0,1620.0,1620.0,1677.0,0.0,0.0,2787860.0,0.0,0.0,0.0,2787860.0,0.0,2787860.0,0
2018-07-09,1620.0,1620.0,1620.0,1620.0,1677.0,0.0,0.0,2787860.0,0.0,0.0,0.0,2787860.0,0.0,2787860.0,0
2018-07-10,1620.0,1620.0,1620.0,1620.0,1677.0,0.0,0.0,2787860.0,0.0,0.0,0.0,2787860.0,0.0,2787860.0,0
2018-07-11,1620.0,1620.0,1620.0,1620.0,1677.0,0.0,0.0,2787860.0,0.0,0.0,0.0,2787860.0,0.0,2787860.0,0
2018-07-12,1620.0,1620.0,1620.0,1620.0,1677.0,0.0,0.0,2787860.0,0.0,0.0,0.0,2787860.0,0.0,2787860.0,0
2018-07-13,1620.0,1620.0,1620.0,1620.0,1677.0,0.0,0.0,2787860.0,0.0,0.0,0.0,2787860.0,0.0,2787860.0,0
2018-07-16,1620.0,1620.0,1620.0,1620.0,1677.0,0.0,0.0,2787860.0,0.0,0.0,0.0,2787860.0,0.0,2787860.0,0
2018-07-17,1620.0,1620.0,1620.0,1620.0,1677.0,0.0,0.0,2787860.0,0.0,0.0,0.0,2787860.0,0.0,2787860.0,0
2018-07-18,1620.0,1620.0,1620.0,1620.0,1677.0,0.0,0.0,2787860.0,0.0,0.0,0.0,2787860.0,0.0,2787860.0,0
2018-07-19,1620.0,1620.0,1620.0,1620.0,1677.0,0.0,0.0,2787860.0,0.0,0.0,0.0,2787860.0,0.0,2787860.0,0
2018-07-20,1620.0,1620.0,1620.0,1620.0,1677.0,0.0,0.0,2787860.0,0.0,0.0,0.0,2787860.0,0.0,2787860.0,0
2018-07-23,1620.0,1620.0,1620.0,1620.0,1677.0,0.0,0.0,2787860.0,0.0,0.0,0.0,2787860.0,0.0,2787860.0,0
2018-07-24,1620.0,1620.0,1620.0,1620.0,1677.0,0.0,0.0,2787860.0,0.0,0.0,0.0,2787860.0,0.0,2787860.0,0
2018-07-25,1620.0,1620.0,1620.0,1620.0,1677.0,0.0,0.0,2787860.0,0.0,0.0,0.0,2787860.0,0.0,2787860.0,0
2018-07-26,1620.0,1620.0,1620.0,1620.0,1677.0,0.0,0.0,2787860.0,0.0,0.0,0.0,2787860.0,0.0,2787860.0,0
2018-07-27,1620.0,1620.0,1620.0,1620.0,1677.0,0.0,0.0,2787860.0,0.0,0.0,0.0,2787860.0,0.0,2787860.0,0
2018-07-30,1620.0,1620.0,1620.0,1620.0,1677.0,0.0,0.0,2787860.0,0.0,0.0,0.0,2787860.0,0.0,2787860.0,0
2018-07-31,1620.0,1620.0,1620.0,1620.0,1677.0,0.0,0.0,2787860.0,0.0,0.0,0.0,2787860.0,0.0,2787860.0,0
2018-08-01,1620.0,1620.0,1620.0,1620.0,1677.0,0.0,0.0,2787860.0,0.0,0.0,0.0,2787860.0,0.0,2787860.0,0
2018-08-02,1620.0,1620.0,1620.0,1620.0,1677.0,0.0,0.0,2787860.0,0.0,0.0,0.0,2787860.0,0.0,2787860.0,0
2018-08-03,1620.0,1620.0,1620.0,1620.0,1677.0,0.0,0.0,2787860.0,0.0,0.0,0.0,2787860.0,0.0,2787860.0,0
2018-08-06,1620.0,1620.0,1620.0,1620.0,1677.0,0.0,0.0,2787860.0,0.0,0.0,0.0,2787860.0,0.0,2787860.0,0
2018-08-07,1620.0,1620.0,1620.0,1620.0,1677.0,0.0,0.0,2787860.0,0.0,0.0,0.0,2787860.0,0.0,2787860.0,0
2018-08-08,1620.0,1620.0,1620.0,1620.0,1677.0,0.0,0.0,2787860.0,0.0,0.0,0.0,2787860.0,0.0,2787860.0,0
2018-08-09,1620.0,1620.0,1620.0,1620.0,1677.0,0.0,0.0,2787860.0,0.0,0.0,0.0,2787860.0,0.0,2787860.0,0
2018-08-10,1620.0,1620.0,1620.0,1620.0,1677.0,0.0,0.0,2787860.0,0.0,0.0,0.0,2787860.0,0.0,2787860.0,0
2018-08-13,1620.0,1620.0,1620.0,1620.0,1677.0,0.0,0.0,2787860.0,0.0,0.0,0.0,2787860.0,0.0,2787860.0,0
2018-08-14,1620.0,1620.0,1620.0,1620.0,1677.0,0.0,0.0,2787860.0,0.0,0.0,0.0,2787860.0,0.0,2787860.0,0
2018-08-16,1620.0,1620.0,1620.0,1620.0,1677.0,0.0,0.0,2787860.0,0.0,0.0,0.0,2787860.0,0.0,2787860.0,0
2018-08-17,1620.0,1620.0,1620.0,1620.0,1677.0,0.0,0.0,2787860.0,0.0,0.0,0.0,2787860.0,0.0,2787860.0,0
2018-08-20,1620.0,1620.0,1620.0,1620.0,1677.0,0.0,0.0,2787860.0,0.0,0.0,0.0,2787860.0,0.0,2787860.0,0
2018-08-21,1620.0,1620.0,1620.0,1620.0,1677.0,0.0,0.0,2787860.0,0.0,0.0,0.0,2787860.0,0.0,2787860.0,0
2018-08-22,1620.0,1620.0,1620.0,1620.0,1677.0,0.0,0.0,2787860.0,0.0,0.0,0.0,2787860.0,0.0,2787860.0,0
2018-08-23,1620.0,1620.0,1620.0,1620.0,1677.0,0.0,0.0,2787860.0,0.0,0.0,0.0,2787860.0,0.0,2787860.0,0
2018-08-24,1620.0,1620.0,1620.0,1620.0,1677.0,0.0,0.0,2787860.0,0.0,0.0,0.0,2787860.0,0.0,2787860.0,0
2018-08-27,1620.0,1620.0,1620.0,1620.0,1677.0,0.0,0.0,2787860.0,0.0,0.0,0.0,2787860.0,0.0,2787860.0,0
2018-08-28,1620.0,1620.0,1620.0,1620.0,1677.0,0.0,0.0,2787860.0,0.0,0.0,0.0,2787860.0,0.0,2787860.0,0
2018-08-29,1620.0,1620.0,1620.0,1620.0,1677.0,0.0,0.0,2787860.0,0.0,0.0,0.0,2787860.0,0.0,2787860.0,0
2018-08-30,1620.0,1620.0,1620.0,1620.0,1677.0,0.0,0.0,2787860.0,0.0,0.0,0.0,2787860.0,0.0,2787860.0,0
2018-08-31,1620.0,1620.0,1620.0,1620.0,1677.0,0.0,0.0,2787860.0,0.0,0.0,0.0,2787860.0,0.0,2787860.0,0
2018-09-03,1620.0,1620.0,1620.0,1620.0,1677.0,0.0,0.0,2787860.0,0.0,0.0,0.0,2787860.0,0.0,2787860.0,0
2018-09-04,1620.0,1620.0,1620.0,1620.0,1677.0,0.0,0.0,2787860.0,0.0,0.0,0.0,2787860.0,0.0,2787860.0,0
2018-09-05,1620.0,1620.0,1620.0,1620.0,1677.0,0.0,0.0,2787860.0,0.0,0.0,0.0,2787860.0,0.0,2787860.0,0
2018-09-06,1620.0,1620.0,1620.0,1620.0,1677.0,0.0,0.0,2787860.0,0.0,0.0,0.0,2787860.0,0.0,2787860.0,0
2018-09-07,1620.0,1620.0,1620.0,1620.0,1677.0,0.0,0.0,2787860.0,0.0,0.0,0.0,2787860.0,0.0,2787860.0,0
2018-09-10,1620.0,1620.0,1620.0,1620.0,1677.0,0.0,0.0,2787860.0,0.0,0.0,0.0,2787860.0,0.0,2787860.0,0
2018-09-11,1620.0,1620.0,1620.0,1620.0,1677.0,0.0,0.0,2787860.0,0.0,0.0,0.0,2787860.0,0.0,2787860.0,0
2018-09-12,1620.0,1620.0,1620.0,1620.0,1677.0,0.0,0.0,2787860.0,0.0,0.0,0.0,2787860.0,0.0,2787860.0,0
2018-09-13,1620.0,1620.0,1620.0,1620.0,1677.0,0.0,0.0,2787860.0,0.0,0.0,0.0,2787860.0,0.0,2787860.0,0
2018-09-14,1620.0,1620.0,1620.0,1620.0,1677.0,0.0,0.0,2787860.0,0.0,0.0,0.0,2787860.0,0.0,2787860.0,0
2018-09-17,1620.0,1620.0,1620.0,1620.0,1677.0,0.0,0.0,2787860.0,0.0,0.0,0.0,2787860.0,0.0,2787860.0,0
2018-09-18,1620.0,1620.0,1620.0,1620.0,1677.0,0.0,0.0,2787860.0,0.0,0.0,0.0,2787860.0,0.0,2787860.0,0
2018-09-19,1620.0,1620.0,1620.0,1620.0,1677.0,0.0,0.0,2787860.0,0.0,0.0,0.0,2787860.0,0.0,2787860.0,0
2018-09-20,1620.0,1620.0,1620.0,1620.0,1677.0,0.0,0.0,2787860.0,0.0,0.0,0.0,2787860.0,0.0,2787860.0,0
2018-09-21,1620.0,1620.0,1620.0,1620.0,1677.0,0.0,0.0,2787860.0,0.0,0.0,0.0,2787860.0,0.0,2787860.0,0
2018-09-27,1620.0,1620.0,1620.0,1620.0,1677.0,0.0,0.0,2787860.0,0.0,0.0,0.0,2787860.0,0.0,2787860.0,0
2018-09-28,1620.0,1620.0,1620.0,1620.0,1677.0,0.0,0.0,2787860.0,0.0,0.0,0.0,2787860.0,0.0,2787860.0,0
2018-10-01,1620.0,1620.0,1620.0,1620.0,1677.0,0.0,0.0,2787860.0,0.0,0.0,0.0,2787860.0,0.0,2787860.0,0
2018-10-02,1620.0,1620.0,1620.0,1620.0,1677.0,0.0,0.0,2787860.0,0.0,0.0,0.0,2787860.0,0.0,2787860.0,0
2018-10-04,1620.0,1620.0,1620.0,1620.0,1677.0,0.0,0.0,2787860.0,0.0,0.0,0.0,2787860.0,0.0,2787860.0,0
2018-10-05,1620.0,1620.0,1620.0,1620.0,1677.0,0.0,0.0,2787860.0,0.0,0.0,0.0,2787860.0,0.0,2787860.0,0
2018-10-08,1620.0,1620.0,1620.0,1620.0,1677.0,0.0,0.0,2787860.0,0.0,0.0,0.0,2787860.0,0.0,2787860.0,0
2018-10-10,1620.0,1620.0,1620.0,1620.0,1677.0,0.0,0.0,2787860.0,0.0,0.0,0.0,2787860.0,0.0,2787860.0,0
2018-10-11,1620.0,1620.0,1620.0,1620.0,1677.0,0.0,0.0,2787860.0,0.0,0.0,0.0,2787860.0,0.0,2787860.0,0
2018-10-12,1620.0,1620.0,1620.0,1620.0,1677.0,0.0,0.0,2787860.0,0.0,0.0,0.0,2787860.0,0.0,2787860.0,0
2018-10-15,1620.0,1620.0,1620.0,1620.0,1677.0,0.0,0.0,2787860.0,0.0,0.0,0.0,2787860.0,0.0,2787860.0,0
2018-10-16,1620.0,1620.0,1620.0,1620.0,1677.0,0.0,0.0,2787860.0,0.0,0.0,0.0,2787860.0,0.0,2787860.0,0
2018-10-17,1620.0,1620.0,1620.0,1620.0,1677.0,0.0,0.0,2787860.0,0.0,0.0,0.0,2787860.0,0.0,2787860.0,0
2018-10-18,1620.0,1620.0,1620.0,1620.0,1677.0,0.0,0.0,2787860.0,0.0,0.0,0.0,2787860.0,0.0,2787860.0,0
2018-10-19,1620.0,1620.0,1620.0,1620.0,1677.0,0.0,0.0,2787860.0,0.0,0.0,0.0,2787860.0,0.0,2787860.0,0
2018-10-22,1620.0,1620.0,1620.0,1620.0,1677.0,0.0,0.0,2787860.0,0.0,0.0,0.0,2787860.0,0.0,2787860.0,0
2018-10-23,1620.0,1620.0,1620.0,1620.0,1677.0,0.0,0.0,2787860.0,0.0,0.0,0.0,2787860.0,0.0,2787860.0,0
2018-10-24,1620.0,1620.0,1620.0,1620.0,1677.0,0.0,0.0,2787860.0,0.0,0.0,0.0,2787860.0,0.0,2787860.0,0
2018-10-25,1620.0,1620.0,1620.0,1620.0,1677.0,0.0,0.0,2787860.0,0.0,0.0,0.0,2787860.0,0.0,2787860.0,0
2018-10-26,1620.0,1620.0,1620.0,1620.0,1677.0,0.0,0.0,2787860.0,0.0,0.0,0.0,2787860.0,0.0,2787860.0,0
2018-10-29,1620.0,1620.0,1620.0,1620.0,1677.0,0.0,0.0,2787860.0,0.0,0.0,0.0,2787860.0,0.0,2787860.0,0
2018-10-30,1620.0,1620.0,1620.0,1620.0,1677.0,0.0,0.0,2787860.0,0.0,0.0,0.0,2787860.0,0.0,2787860.0,0
2018-10-31,1620.0,1620.0,1620.0,1620.0,1677.0,0.0,0.0,2787860.0,0.0,0.0,0.0,2787860.0,0.0,2787860.0,0
2018-11-01,1620.0,1620.0,1620.0,1620.0,1677.0,0.0,0.0,2787860.0,0.0,0.0,0.0,2787860.0,0.0,2787860.0,0
2018-11-02,1620.0,1620.0,1620.0,1620.0,1677.0,0.0,0.0,2787860.0,0.0,0.0,0.0,2787860.0,0.0,2787860.0,0
2018-11-05,1620.0,1620.0,1620.0,1620.0,1677.0,0.0,0.0,2787860.0,0.0,0.0,0.0,2787860.0,0.0,2787860.0,0
2018-11-06,1620.0,1620.0,1620.0,1620.0,1677.0,0.0,0.0,2787860.0,0.0,0.0,0.0,2787860.0,0.0,2787860.0,0
2018-11-07,1620.0,1620.0,1620.0,1620.0,1677.0,0.0,0.0,2787860.0,0.0,0.0,0.0,2787860.0,0.0,2787860.0,0
2018-11-08,1620.0,1620.0,1620.0,1620.0,1677.0,0.0,0.0,2787860.0,0.0,0.0,0.0,2787860.0,0.0,2787860.0,0
2018-11-09,1620.0,1620.0,1620.0,1620.0,1677.0,0.0,0.0,2787860.0,0.0,0.0,0.0,2787860.0,0.0,2787860.0,0
2018-11-12,1620.0,1620.0,1620.0,1620.0,1677.0,0.0,0.0,2787860.0,0.0,0.0,0.0,2787860.0,0.0,2787860.0,0
2018-11-13,1620.0,1620.0,1620.0,1620.0,1677.0,0.0,0.0,2787860.0,0.0,0.0,0.0,2787860.0,0.0,2787860.0,0
2018-11-14,1620.0,1620.0,1620.0,1620.0,1677.0,0.0,0.0,2787860.0,0.0,0.0,0.0,2787860.0,0.0,2787860.0,0
2018-11-15,1620.0,1620.0,1620.0,1620.0,1677.0,0.0,0.0,2787860.0,0.0,0.0,0.0,2787860.0,0.0,2787860.0,0
2018-11-16,1620.0,1620.0,1620.0,1620.0,1677.0,0.0,0.0,2787860.0,0.0,0.0,0.0,2787860.0,0.0,2787860.0,0
2018-11-19,1620.0,1620.0,1620.0,1620.0,1677.0,0.0,0.0,2787860.0,0.0,0.0,0.0,2787860.0,0.0,2787860.0,0
2018-11-20,1620.0,1620.0,1620.0,1620.0,1677.0,0.0,0.0,2787860.0,0.0,0.0,0.0,2787860.0,0.0,2787860.0,0
2018-11-21,1620.0,1620.0,1620.0,1620.0,1677.0,0.0,0.0,2787860.0,0.0,0.0,0.0,2787860.0,0.0,2787860.0,0
2018-11-22,1620.0,1620.0,1620.0,1620.0,1677.0,0.0,0.0,2787860.0,0.0,0.0,0.0,2787860.0,0.0,2787860.0,0
2018-11-23,1620.0,1620.0,1620.0,1620.0,1677.0,0.0,0.0,2787860.0,0.0,0.0,0.0,2787860.0,0.0,2787860.0,0
2018-11-26,1620.0,1620.0,1620.0,1620.0,1677.0,0.0,0.0,2787860.0,0.0,0.0,0.0,2787860.0,0.0,2787860.0,0
2018-11-27,1620.0,1620.0,1620.0,1620.0,1677.0,0.0,0.0,2787860.0,0.0,0.0,0.0,2787860.0,0.0,2787860.0,0
2018-11-28,1620.0,1620.0,1620.0,1620.0,1677.0,0.0,0.0,2787860.0,0.0,0.0,0.0,2787860.0,0.0,2787860.0,0
2018-11-29,1620.0,1620.0,1620.0,1620.0,1677.0,0.0,0.0,2787860.0,0.0,0.0,0.0,2787860.0,0.0,2787860.0,0
2018-11-30,1620.0,1620.0,1620.0,1620.0,1677.0,0.0,0.0,2787860.0,0.0,0.0,0.0,2787860.0,0.0,2787860.0,0
2018-12-03,1620.0,1620.0,1620.0,1620.0,1677.0,0.0,0.0,2787860.0,0.0,0.0,0.0,2787860.0,0.0,2787860.0,0
2018-12-04,1620.0,1620.0,1620.0,1620.0,1677.0,0.0,0.0,2787860.0,0.0,0.0,0.0,2787860.0,0.0,2787860.0,0
2018-12-05,1620.0,1620.0,1620.0,1620.0,1677.0,0.0,0.0,2787860.0,0.0,0.0,0.0,2787860.0,0.0,2787860.0,0
2018-12-06,1620.0,1620.0,1620.0,1620.0,1677.0,0.0,0.0,2787860.0,0.0,0.0,0.0,2787860.0,0.0,2787860.0,0
2018-12-07,1620.0,1620.0,1620.0,1620.0,1677.0,0.0,0.0,2787860.0,0.0,0.0,0.0,2787860.0,0.0,2787860.0,0
2018-12-10,1620.0,1620.0,1620.0,1620.0,1677.0,0.0,0.0,2787860.0,0.0,0.0,0.0,2787860.0,0.0,2787860.0,0
2018-12-11,1620.0,1620.0,1620.0,1620.0,1677.0,0.0,0.0,2787860.0,0.0,0.0,0.0,2787860.0,0.0,2787860.0,0
2018-12-12,1620.0,1620.0,1620.0,1620.0,1677.0,0.0,0.0,2787860.0,0.0,0.0,0.0,2787860.0,0.0,2787860.0,0
2018-12-13,1620.0,1620.0,1620.0,1620.0,1677.0,0.0,0.0,2787860.0,0.0,0.0,0.0,2787860.0,0.0,2787860.0,0
2018-12-14,1620.0,1620.0,1620.0,1620.0,1677.0,0.0,0.0,2787860.0,0.0,0.0,0.0,2787860.0,0.0,2787860.0,0
2018-12-17,1620.0,1620.0,1620.0,1620.0,1677.0,0.0,0.0,2787860.0,0.0,0.0,0.0,2787860.0,0.0,2787860.0,0
2018-12-18,1620.0,1620.0,1620.0,1620.0,1677.0,0.0,0.0,2787860.0,0.0,0.0,0.0,2787860.0,0.0,2787860.0,0
2018-12-19,1620.0,1620.0,1620.0,1620.0,1677.0,0.0,0.0,2787860.0,0.0,0.0,0.0,2787860.0,0.0,2787860.0,0
2018-12-20,1620.0,1620.0,1620.0,1620.0,1677.0,0.0,0.0,2787860.0,0.0,0.0,0.0,2787860.0,0.0,2787860.0,0
2018-12-21,1620.0,1620.0,1620.0,1620.0,1677.0,0.0,0.0,2787860.0,0.0,0.0,0.0,2787860.0,0.0,2787860.0,0
2018-12-24,1620.0,1620.0,1620.0,1620.0,1677.0,0.0,0.0,2787860.0,0.0,0.0,0.0,2787860.0,0.0,2787860.0,0
2018-12-26,1620.0,1620.0,1620.0,1620.0,1677.0,0.0,0.0,2787860.0,0.0,0.0,0.0,2787860.0,0.0,2787860.0,0
2018-12-27,1620.0,1620.0,1620.0,1620.0,1677.0,0.0,0.0,2787860.0,0.0,0.0,0.0,2787860.0,0.0,2787860.0,0
2018-12-28,1620.0,1620.0,1620.0,1620.0,1677.0,0.0,0.0,2787860.0,0.0,0.0,0.0,2787860.0,0.0,2787860.0,0
2019-01-02,1620.0,1620.0,1620.0,1620.0,1677.0,0.0,0.0,2787860.0,0.0,0.0,0.0,2787860.0,0.0,2787860.0,0
2019-01-03,1620.0,1620.0,1620.0,1620.0,1677.0,0.0,0.0,2787860.0,0.0,0.0,0.0,2787860.0,0.0,2787860.0,0
2019-01-04,1620.0,1620.0,1620.0,1620.0,1677.0,0.0,0.0,2787860.0,0.0,0.0,0.0,2787860.0,0.0,2787860.0,0
2019-01-07,1620.0,1620.0,1620.0,1620.0,1677.0,0.0,0.0,2787860.0,0.0,0.0,0.0,2787860.0,0.0,2787860.0,0
2019-01-08,1620.0,1620.0,1620.0,1620.0,1677.0,0.0,0.0,2787860.0,0.0,0.0,0.0,2787860.0,0.0,2787860.0,0
2019-01-09,1620.0,1620.0,1620.0,1620.0,1677.0,0.0,0.0,2787860.0,0.0,0.0,0.0,2787860.0,0.0,2787860.0,0
2019-01-10,1620.0,1620.0,1620.0,1620.0,1677.0,0.0,0.0,2787860.0,0.0,0.0,0.0,2787860.0,0.0,2787860.0,0
2019-01-11,1620.0,1620.0,1620.0,1620.0,1677.0,0.0,0.0,2787860.0,0.0,0.0,0.0,2787860.0,0.0,2787860.0,0
2019-01-14,1620.0,1620.0,1620.0,1620.0,1677.0,0.0,0.0,2787860.0,0.0,0.0,0.0,2787860.0,0.0,2787860.0,0
2019-01-15,1620.0,1620.0,1620.0,1620.0,1677.0,0.0,0.0,2787860.0,0.0,0.0,0.0,2787860.0,0.0,2787860.0,0
2019-01-16,1620.0,1620.0,1620.0,1620.0,1677.0,0.0,0.0,2787860.0,0.0,0.0,0.0,2787860.0,0.0,2787860.0,0
2019-01-17,1620.0,1620.0,1620.0,1620.0,1677.0,0.0,0.0,2787860.0,0.0,0.0,0.0,2787860.0,0.0,2787860.0,0
2019-01-18,1620.0,1620.0,1620.0,1620.0,1677.0,0.0,0.0,2787860.0,0.0,0.0,0.0,2787860.0,0.0,2787860.0,0
2019-01-21,1620.0,1620.0,1620.0,1620.0,1677.0,0.0,0.0,2787860.0,0.0,0.0,0.0,2787860.0,0.0,2787860.0,0
2019-01-22,1620.0,1620.0,1620.0,1620.0,1677.0,0.0,0.0,2787860.0,0.0,0.0,0.0,2787860.0,0.0,2787860.0,0
2019-01-23,1620.0,1620.0,1620.0,1620.0,1677.0,0.0,0.0,2787860.0,0.0,0.0,0.0,2787860.0,0.0,2787860.0,0
2019-01-24,1620.0,1620.0,1620.0,1620.0,1677.0,0.0,0.0,2787860.0,0.0,0.0,0.0,2787860.0,0.0,2787860.0,0
2019-01-25,1620.0,1620.0,1620.0,1620.0,1677.0,0.0,0.0,2787860.0,0.0,0.0,0.0,2787860.0,0.0,2787860.0,0
2019-01-28,1620.0,1620.0,1620.0,1620.0,1677.0,0.0,0.0,2787860.0,0.0,0.0,0.0,2787860.0,0.0,2787860.0,0
2019-01-29,1620.0,1620.0,1620.0,1620.0,1677.0,0.0,0.0,2787860.0,0.0,0.0,0.0,2787860.0,0.0,2787860.0,0
2019-01-30,1620.0,1620.0,1620.0,1620.0,1677.0,0.0,0.0,2787860.0,0.0,0.0,0.0,2787860.0,0.0,2787860.0,0
2019-01-31,1620.0,1620.0,1620.0,1620.0,1677.0,0.0,0.0,2787860.0,0.0,0.0,0.0,2787860.0,0.0,2787860.0,0
2019-02-01,1620.0,1620.0,1620.0,1620.0,1677.0,0.0,0.0,2787860.0,0.0,0.0,0.0,2787860.0,0.0,2787860.0,0
2019-02-07,1620.0,1620.0,1620.0,1620.0,1677.0,0.0,0.0,2787860.0,0.0,0.0,0.0,2787860.0,0.0,2787860.0,0
2019-02-08,1620.0,1620.0,1620.0,1620.0,1677.0,0.0,0.0,2787860.0,0.0,0.0,0.0,2787860.0,0.0,2787860.0,0
2019-02-11,1620.0,1620.0,1620.0,1620.0,1677.0,0.0,0.0,2787860.0,0.0,0.0,0.0,2787860.0,0.0,2787860.0,0
2019-02-12,1620.0,1620.0,1620.0,1620.0,1677.0,0.0,0.0,2787860.0,0.0,0.0,0.0,2787860.0,0.0,2787860.0,0
2019-02-13,1620.0,1620.0,1620.0,1620.0,1677.0,0.0,0.0,2787860.0,0.0,0.0,0.0,2787860.0,0.0,2787860.0,0
2019-02-14,1620.0,1620.0,1620.0,1620.0,1677.0,0.0,0.0,2787860.0,0.0,0.0,0.0,2787860.0,0.0,2787860.0,0
2019-02-15,1620.0,1620.0,1620.0,1620.0,1677.0,0.0,0.0,2787860.0,0.0,0.0,0.0,2787860.0,0.0,2787860.0,0
2019-02-18,1620.0,1620.0,1620.0,1620.0,1677.0,0.0,0.0,2787860.0,0.0,0.0,0.0,2787860.0,0.0,2787860.0,0
2019-02-19,1620.0,1620.0,1620.0,1620.0,1677.0,0.0,0.0,2787860.0,0.0,0.0,0.0,2787860.0,0.0,2787860.0,0
2019-02-20,1620.0,1620.0,1620.0,1620.0,1677.0,0.0,0.0,2787860.0,0.0,0.0,0.0,2787860.0,0.0,2787860.0,0
2019-02-21,1620.0,1620.0,1620.0,1620.0,1677.0,0.0,0.0,2787860.0,0.0,0.0,0.0,2787860.0,0.0,2787860.0,0
2019-02-22,1620.0,1620.0,1620.0,1620.0,1677.0,0.0,0.0,2787860.0,0.0,0.0,0.0,2787860.0,0.0,2787860.0,0
2019-02-25,1620.0,1620.0,1620.0,1620.0,1677.0,0.0,0.0,2787860.0,0.0,0.0,0.0,2787860.0,0.0,2787860.0,0
2019-02-26,1620.0,1620.0,1620.0,1620.0,1677.0,0.0,0.0,2787860.0,0.0,0.0,0.0,2787860.0,0.0,2787860.0,0
2019-02-27,1620.0,1620.0,1620.0,1620.0,1677.0,0.0,0.0,2787860.0,0.0,0.0,0.0,2787860.0,0.0,2787860.0,0
2019-02-28,1620.0,1620.0,1620.0,1620.0,1677.0,0.0,0.0,2787860.0,0.0,0.0,0.0,2787860.0,0.0,2787860.0,0
2019-03-04,1620.0,1620.0,1620.0,1620.0,1677.0,0.0,0.0,2787860.0,0.0,0.0,0.0,2787860.0,0.0,2787860.0,0
2019-03-05,1620.0,1620.0,1620.0,1620.0,1677.0,0.0,0.0,2787860.0,0.0,0.0,0.0,2787860.0,0.0,2787860.0,0
2019-03-06,1620.0,1620.0,1620.0,1620.0,1677.0,0.0,0.0,2787860.0,0.0,0.0,0.0,2787860.0,0.0,2787860.0,0
2019-03-07,1620.0,1620.0,1620.0,1620.0,1677.0,0.0,0.0,2787860.0,0.0,0.0,0.0,2787860.0,0.0,2787860.0,0
2019-03-08,1620.0,1620.0,1620.0,1620.0,1677.0,0.0,0.0,2787860.0,0.0,0.0,0.0,2787860.0,0.0,2787860.0,0
2019-03-11,1620.0,1620.0,1620.0,1620.0,1677.0,0.0,0.0,2787860.0,0.0,0.0,0.0,2787860.0,0.0,2787860.0,0
2019-03-12,1620.0,1620.0,1620.0,1620.0,1677.0,0.0,0.0,2787860.0,0.0,0.0,0.0,2787860.0,0.0,2787860.0,0
2019-03-13,1620.0,1620.0,1620.0,1620.0,1677.0,0.0,0.0,2787860.0,0.0,0.0,0.0,2787860.0,0.0,2787860.0,0
2019-03-14,1620.0,1620.0,1620.0,1620.0,1677.0,0.0,0.0,2787860.0,0.0,0.0,0.0,2787860.0,0.0,2787860.0,0
2019-03-15,1620.0,1620.0,1620.0,1620.0,1677.0,0.0,0.0,2787860.0,0.0,0.0,0.0,2787860.0,0.0,2787860.0,0
2019-03-18,1620.0,1620.0,1620.0,1620.0,1677.0,0.0,0.0,2787860.0,0.0,0.0,0.0,2787860.0,0.0,2787860.0,0
2019-03-19,1620.0,1620.0,1620.0,1620.0,1677.0,0.0,0.0,2787860.0,0.0,0.0,0.0,2787860.0,0.0,2787860.0,0
2019-03-20,1620.0,1620.0,1620.0,1620.0,1677.0,0.0,0.0,2787860.0,0.0,0.0,0.0,2787860.0,0.0,2787860.0,0
2019-03-21,1620.0,1620.0,1620.0,1620.0,1677.0,0.0,0.0,2787860.0,0.0,0.0,0.0,2787860.0,0.0,2787860.0,0
2019-03-22,1620.0,1620.0,1620.0,1620.0,1677.0,0.0,0.0,2787860.0,0.0,0.0,0.0,2787860.0,0.0,2787860.0,0
2019-03-25,1620.0,1620.0,1620.0,1620.0,1677.0,0.0,0.0,2787860.0,0.0,0.0,0.0,2787860.0,0.0,2787860.0,0
2019-03-26,1620.0,1620.0,1620.0,1620.0,1677.0,0.0,0.0,2787860.0,0.0,0.0,0.0,2787860.0,0.0,2787860.0,0
2019-03-27,1620.0,1620.0,1620.0,1620.0,1677.0,0.0,0.0,2787860.0,0.0,0.0,0.0,2787860.0,0.0,2787860.0,0
2019-03-28,1620.0,1620.0,1620.0,1620.0,1677.0,0.0,0.0,2787860.0,0.0,0.0,0.0,2787860.0,0.0,2787860.0,0
2019-03-29,1620.0,1620.0,1620.0,1620.0,1677.0,0.0,0.0,2787860.0,0.0,0.0,0.0,2787860.0,0.0,2787860.0,0
2019-04-01,1620.0,1620.0,1620.0,1620.0,1677.0,0.0,0.0,2787860.0,0.0,0.0,0.0,2787860.0,0.0,2787860.0,0
2019-04-02,1620.0,1620.0,1620.0,1620.0,1677.0,0.0,0.0,2787860.0,0.0,0.0,0.0,2787860.0,0.0,2787860.0,0
2019-04-03,1620.0,1620.0,1620.0,1620.0,1677.0,0.0,0.0,2787860.0,0.0,0.0,0.0,2787860.0,0.0,2787860.0,0
2019-04-04,1620.0,1620.0,1620.0,1620.0,1677.0,0.0,0.0,2787860.0,0.0,0.0,0.0,2787860.0,0.0,2787860.0,0
2019-04-05,1620.0,1620.0,1620.0,1620.0,1677.0,0.0,0.0,2787860.0,0.0,0.0,0.0,2787860.0,0.0,2787860.0,0
2019-04-08,1620.0,1620.0,1620.0,1620.0,1677.0,0.0,0.0,2787860.0,0.0,0.0,0.0,2787860.0,0.0,2787860.0,0
2019-04-09,1620.0,1620.0,1620.0,1620.0,1677.0,0.0,0.0,2787860.0,0.0,0.0,0.0,2787860.0,0.0,2787860.0,0
2019-04-10,1620.0,1620.0,1620.0,1620.0,1677.0,0.0,0.0,2787860.0,0.0,0.0,0.0,2787860.0,0.0,2787860.0,0
2019-04-11,1620.0,1620.0,1620.0,1620.0,1677.0,0.0,0.0,2787860.0,0.0,0.0,0.0,2787860.0,0.0,2787860.0,0
2019-04-12,1620.0,1620.0,1620.0,1620.0,1677.0,0.0,0.0,2787860.0,0.0,0.0,0.0,2787860.0,0.0,2787860.0,0
2019-04-15,1620.0,1620.0,1620.0,1620.0,1677.0,0.0,0.0,2787860.0,0.0,0.0,0.0,2787860.0,0.0,2787860.0,0
2019-04-16,1620.0,1620.0,1620.0,1620.0,1677.0,0.0,0.0,2787860.0,0.0,0.0,0.0,2787860.0,0.0,2787860.0,0
2019-04-17,1620.0,1620.0,1620.0,1620.0,1677.0,0.0,0.0,2787860.0,0.0,0.0,0.0,2787860.0,0.0,2787860.0,0
2019-04-18,1620.0,1620.0,1620.0,1620.0,1677.0,0.0,0.0,2787860.0,0.0,0.0,0.0,2787860.0,0.0,2787860.0,0
2019-04-19,1620.0,1620.0,1620.0,1620.0,1677.0,0.0,0.0,2787860.0,0.0,0.0,0.0,2787860.0,0.0,2787860.0,0
2019-04-22,1620.0,1620.0,1620.0,1620.0,1677.0,0.0,0.0,2787860.0,0.0,0.0,0.0,2787860.0,0.0,2787860.0,0
2019-04-23,1620.0,1620.0,1620.0,1620.0,1677.0,0.0,0.0,2787860.0,0.0,0.0,0.0,2787860.0,0.0,2787860.0,0
2019-04-24,1620.0,1620.0,1620.0,1620.0,1677.0,0.0,0.0,2787860.0,0.0,0.0,0.0,2787860.0,0.0,2787860.0,0
2019-04-25,1620.0,1620.0,1620.0,1620.0,1677.0,0.0,0.0,2787860.0,0.0,0.0,0.0,2787860.0,0.0,2787860.0,0
2019-04-26,1620.0,1620.0,1620.0,1620.0,1677.0,0.0,0.0,2787860.0,0.0,0.0,0.0,2787860.0,0.0,2787860.0,0
2019-04-29,1620.0,1620.0,1620.0,1620.0,1677.0,0.0,0.0,2787860.0,0.0,0.0,0.0,2787860.0,0.0,2787860.0,0
2019-04-30,1620.0,1620.0,1620.0,1620.0,1677.0,0.0,0.0,2787860.0,0.0,0.0,0.0,2787860.0,0.0,2787860.0,0
2019-05-02,1620.0,1620.0,1620.0,1620.0,1677.0,0.0,0.0,2787860.0,0.0,0.0,0.0,2787860.0,0.0,2787860.0,0
2019-05-03,1620.0,1620.0,1620.0,1620.0,1677.0,0.0,0.0,2787860.0,0.0,0.0,0.0,2787860.0,0.0,2787860.0,0
2019-05-07,1620.0,1620.0,1620.0,1620.0,1677.0,0.0,0.0,2787860.0,0.0,0.0,0.0,2787860.0,0.0,2787860.0,0
2019-05-08,1620.0,1620.0,1620.0,1620.0,1677.0,0.0,0.0,2787860.0,0.0,0.0,0.0,2787860.0,0.0,2787860.0,0
2019-05-09,1620.0,1620.0,1620.0,1620.0,1677.0,0.0,0.0,2787860.0,0.0,0.0,0.0,2787860.0,0.0,2787860.0,0
2019-05-10,1620.0,1620.0,1620.0,1620.0,1677.0,0.0,0.0,2787860.0,0.0,0.0,0.0,2787860.0,0.0,2787860.0,0
2019-05-13,1620.0,1620.0,1620.0,1620.0,1677.0,0.0,0.0,2787860.0,0.0,0.0,0.0,2787860.0,0.0,2787860.0,0
2019-05-14,1620.0,1620.0,1620.0,1620.0,1677.0,0.0,0.0,2787860.0,0.0,0.0,0.0,2787860.0,0.0,2787860.0,0
2019-05-15,1620.0,1620.0,1620.0,1620.0,1677.0,0.0,0.0,2787860.0,0.0,0.0,0.0,2787860.0,0.0,2787860.0,0
2019-05-16,1620.0,1620.0,1620.0,1620.0,1677.0,0.0,0.0,2787860.0,0.0,0.0,0.0,2787860.0,0.0,2787860.0,0
2019-05-17,1620.0,1620.0,1620.0,1620.0,1677.0,0.0,0.0,2787860.0,0.0,0.0,0.0,2787860.0,0.0,2787860.0,0
2019-05-20,1620.0,1620.0,1620.0,1620.0,1677.0,0.0,0.0,2787860.0,0.0,0.0,0.0,2787860.0,0.0,2787860.0,0
2019-05-21,1620.0,1620.0,1620.0,1620.0,1677.0,0.0,0.0,2787860.0,0.0,0.0,0.0,2787860.0,0.0,2787860.0,0
2019-05-22,1620.0,1620.0,1620.0,1620.0,1677.0,0.0,0.0,2787860.0,0.0,0.0,0.0,2787860.0,0.0,2787860.0,0
2019-05-23,1620.0,1620.0,1620.0,1620.0,1677.0,0.0,0.0,2787860.0,0.0,0.0,0.0,2787860.0,0.0,2787860.0,0
2019-05-24,1620.0,1620.0,1620.0,1620.0,1677.0,0.0,0.0,2787860.0,0.0,0.0,0.0,2787860.0,0.0,2787860.0,0
2019-05-27,1620.0,1620.0,1620.0,1620.0,1677.0,0.0,0.0,2787860.0,0.0,0.0,0.0,2787860.0,0.0,2787860.0,0
2019-05-28,1620.0,1620.0,1620.0,1620.0,1677.0,0.0,0.0,2787860.0,0.0,0.0,0.0,2787860.0,0.0,2787860.0,0
2019-05-29,1620.0,1620.0,1620.0,1620.0,1677.0,0.0,0.0,2787860.0,0.0,0.0,0.0,2787860.0,0.0,2787860.0,0
2019-05-30,1620.0,1620.0,1620.0,1620.0,1677.0,0.0,0.0,2787860.0,0.0,0.0,0.0,2787860.0,0.0,2787860.0,0
2019-05-31,1620.0,1620.0,1620.0,1620.0,1677.0,0.0,0.0,2787860.0,0.0,0.0,0.0,2787860.0,0.0,2787860.0,0
2019-06-03,1620.0,1620.0,1620.0,1620.0,1677.0,0.0,0.0,2787860.0,0.0,0.0,0.0,2787860.0,0.0,2787860.0,0
2019-06-04,1620.0,1620.0,1620.0,1620.0,1677.0,0.0,0.0,2787860.0,0.0,0.0,0.0,2787860.0,0.0,2787860.0,0
2019-06-05,1620.0,1620.0,1620.0,1620.0,1677.0,0.0,0.0,2787860.0,0.0,0.0,0.0,2787860.0,0.0,2787860.0,0
2019-06-07,1620.0,1620.0,1620.0,1620.0,1677.0,0.0,0.0,2787860.0,0.0,0.0,0.0,2787860.0,0.0,2787860.0,0
2019-06-10,1620.0,1620.0,1620.0,1620.0,1677.0,0.0,0.0,2787860.0,0.0,0.0,0.0,2787860.0,0.0,2787860.0,0
2019-06-11,1620.0,1620.0,1620.0,1620.0,1677.0,0.0,0.0,2787860.0,0.0,0.0,0.0,2787860.0,0.0,2787860.0,0
2019-06-12,1620.0,1620.0,1620.0,1620.0,1677.0,0.0,0.0,2787860.0,0.0,0.0,0.0,2787860.0,0.0,2787860.0,0
2019-06-13,1620.0,1620.0,1620.0,1620.0,1677.0,0.0,0.0,2787860.0,0.0,0.0,0.0,2787860.0,0.0,2787860.0,0
2019-06-14,1620.0,1620.0,1620.0,1620.0,1677.0,0.0,0.0,2787860.0,0.0,0.0,0.0,2787860.0,0.0,2787860.0,0
2019-06-17,1620.0,1620.0,1620.0,1620.0,1677.0,0.0,0.0,2787860.0,0.0,0.0,0.0,2787860.0,0.0,2787860.0,0
2019-06-18,1620.0,1620.0,1620.0,1620.0,1677.0,0.0,0.0,2787860.0,0.0,0.0,0.0,2787860.0,0.0,2787860.0,0
2019-06-19,1620.0,1620.0,1620.0,1620.0,1677.0,0.0,0.0,2787860.0,0.0,0.0,0.0,2787860.0,0.0,2787860.0,0
2019-06-20,1620.0,1620.0,1620.0,1620.0,1677.0,0.0,0.0,2787860.0,0.0,0.0,0.0,2787860.0,0.0,2787860.0,0
2019-06-21,1620.0,1620.0,1620.0,1620.0,1677.0,0.0,0.0,2787860.0,0.0,0.0,0.0,2787860.0,0.0,2787860.0,0
2019-06-24,1620.0,1620.0,1620.0,1620.0,1677.0,0.0,0.0,2787860.0,0.0,0.0,0.0,2787860.0,0.0,2787860.0,0
2019-06-25,1620.0,1620.0,1620.0,1620.0,1677.0,0.0,0.0,2787860.0,0.0,0.0,0.0,2787860.0,0.0,2787860.0,0
2019-06-26,1620.0,1620.0,1620.0,1620.0,1677.0,0.0,0.0,2787860.0,0.0,0.0,0.0,2787860.0,0.0,2787860.0,0
2019-06-27,1620.0,1620.0,1620.0,1620.0,1677.0,0.0,0.0,2787860.0,0.0,0.0,0.0,2787860.0,0.0,2787860.0,0
2019-06-28,1620.0,1620.0,1620.0,1620.0,1677.0,0.0,0.0,2787860.0,0.0,0.0,0.0,2787860.0,0.0,2787860.0,0
2019-07-01,1620.0,1620.0,1620.0,1620.0,1677.0,0.0,0.0,2787860.0,0.0,0.0,0.0,2787860.0,0.0,2787860.0,0
2019-07-02,1620.0,1620.0,1620.0,1620.0,1677.0,0.0,0.0,2787860.0,0.0,0.0,0.0,2787860.0,0.0,2787860.0,0
2019-07-03,1620.0,1620.0,1620.0,1620.0,1677.0,0.0,0.0,2787860.0,0.0,0.0,0.0,2787860.0,0.0,2787860.0,0
2019-07-04,1620.0,1620.0,1620.0,1620.0,1677.0,0.0,0.0,2787860.0,0.0,0.0,0.0,2787860.0,0.0,2787860.0,0
2019-07-05,1620.0,1620.0,1620.0,1620.0,1677.0,0.0,0.0,2787860.0,0.0,0.0,0.0,2787860.0,0.0,2787860.0,0
2019-07-08,1620.0,1620.0,1620.0,1620.0,1677.0,0.0,0.0,2787860.0,0.0,0.0,0.0,2787860.0,0.0,2787860.0,0
2019-07-09,1620.0,1620.0,1620.0,1620.0,1677.0,0.0,0.0,2787860.0,0.0,0.0,0.0,2787860.0,0.0,2787860.0,0
2019-07-10,1620.0,1620.0,1620.0,1620.0,1677.0,0.0,0.0,2787860.0,0.0,0.0,0.0,2787860.0,0.0,2787860.0,0
2019-07-11,1620.0,1620.0,1620.0,1620.0,1677.0,0.0,0.0,2787860.0,0.0,0.0,0.0,2787860.0,0.0,2787860.0,0
2019-07-12,1620.0,1620.0,1620.0,1620.0,1677.0,0.0,0.0,2787860.0,0.0,0.0,0.0,2787860.0,0.0,2787860.0,0
2019-07-15,1620.0,1620.0,1620.0,1620.0,1677.0,0.0,0.0,2787860.0,0.0,0.0,0.0,2787860.0,0.0,2787860.0,0
2019-07-16,1620.0,1620.0,1620.0,1620.0,1677.0,0.0,0.0,2787860.0,0.0,0.0,0.0,2787860.0,0.0,2787860.0,0
2019-07-17,1620.0,1620.0,1620.0,1620.0,1677.0,0.0,0.0,2787860.0,0.0,0.0,0.0,2787860.0,0.0,2787860.0,0
2019-07-18,1620.0,1620.0,1620.0,1620.0,1677.0,0.0,0.0,2787860.0,0.0,0.0,0.0,2787860.0,0.0,2787860.0,0
2019-07-19,1620.0,1620.0,1620.0,1620.0,1677.0,0.0,0.0,2787860.0,0.0,0.0,0.0,2787860.0,0.0,2787860.0,0
2019-07-22,1620.0,1620.0,1620.0,1620.0,1677.0,0.0,0.0,2787860.0,0.0,0.0,0.0,2787860.0,0.0,2787860.0,0
2019-07-23,1620.0,1620.0,1620.0,1620.0,1677.0,0.0,0.0,2787860.0,0.0,0.0,0.0,2787860.0,0.0,2787860.0,0
2019-07-24,1620.0,1620.0,1620.0,1620.0,1677.0,0.0,0.0,2787860.0,0.0,0.0,0.0,2787860.0,0.0,2787860.0,0
2019-07-25,1620.0,1620.0,1620.0,1620.0,1677.0,0.0,0.0,2787860.0,0.0,0.0,0.0,2787860.0,0.0,2787860.0,0
2019-07-26,1620.0,1620.0,1620.0,1620.0,1677.0,0.0,0.0,2787860.0,0.0,0.0,0.0,2787860.0,0.0,2787860.0,0
2019-07-29,1620.0,1620.0,1620.0,1620.0,1677.0,0.0,0.0,2787860.0,0.0,0.0,0.0,2787860.0,0.0,2787860.0,0
2019-07-30,1620.0,1620.0,1620.0,1620.0,1677.0,0.0,0.0,2787860.0,0.0,0.0,0.0,2787860.0,0.0,2787860.0,0
2019-07-31,1620.0,1620.0,1620.0,1620.0,1677.0,0.0,0.0,2787860.0,0.0,0.0,0.0,2787860.0,0.0,2787860.0,0
2019-08-01,1620.0,1620.0,1620.0,1620.0,1677.0,0.0,0.0,2787860.0,0.0,0.0,0.0,2787860.0,0.0,2787860.0,0
2019-08-02,1620.0,1620.0,1620.0,1620.0,1677.0,0.0,0.0,2787860.0,0.0,0.0,0.0,2787860.0,0.0,2787860.0,0
2019-08-05,1620.0,1620.0,1620.0,1620.0,1677.0,0.0,0.0,2787860.0,0.0,0.0,0.0,2787860.0,0.0,2787860.0,0
2019-08-06,1620.0,1620.0,1620.0,1620.0,1677.0,0.0,0.0,2787860.0,0.0,0.0,0.0,2787860.0,0.0,2787860.0,0
2019-08-07,1620.0,1620.0,1620.0,1620.0,1677.0,0.0,0.0,2787860.0,0.0,0.0,0.0,2787860.0,0.0,2787860.0,0
2019-08-08,1620.0,1620.0,1620.0,1620.0,1677.0,0.0,0.0,2787860.0,0.0,0.0,0.0,2787860.0,0.0,2787860.0,0
2019-08-09,1620.0,1620.0,1620.0,1620.0,1677.0,0.0,0.0,2787860.0,0.0,0.0,0.0,2787860.0,0.0,2787860.0,0
2019-08-12,1620.0,1620.0,1620.0,1620.0,1677.0,0.0,0.0,2787860.0,0.0,0.0,0.0,2787860.0,0.0,2787860.0,0
2019-08-13,1620.0,1620.0,1620.0,1620.0,1677.0,0.0,0.0,2787860.0,0.0,0.0,0.0,2787860.0,0.0,2787860.0,0
2019-08-14,1620.0,1620.0,1620.0,1620.0,1677.0,0.0,0.0,2787860.0,0.0,0.0,0.0,2787860.0,0.0,2787860.0,0
2019-08-16,1620.0,1620.0,1620.0,1620.0,1677.0,0.0,0.0,2787860.0,0.0,0.0,0.0,2787860.0,0.0,2787860.0,0
2019-08-19,1620.0,1620.0,1620.0,1620.0,1677.0,0.0,0.0,2787860.0,0.0,0.0,0.0,2787860.0,0.0,2787860.0,0
2019-08-20,1620.0,1620.0,1620.0,1620.0,1677.0,0.0,0.0,2787860.0,0.0,0.0,0.0,2787860.0,0.0,2787860.0,0
2019-08-21,1620.0,1620.0,1620.0,1620.0,1677.0,0.0,0.0,2787860.0,0.0,0.0,0.0,2787860.0,0.0,2787860.0,0
2019-08-22,1620.0,1620.0,1620.0,1620.0,1677.0,0.0,0.0,2787860.0,0.0,0.0,0.0,2787860.0,0.0,2787860.0,0
2019-08-23,1620.0,1620.0,1620.0,1620.0,1677.0,0.0,0.0,2787860.0,0.0,0.0,0.0,2787860.0,0.0,2787860.0,0
2019-08-26,1620.0,1620.0,1620.0,1620.0,1677.0,0.0,0.0,2787860.0,0.0,0.0,0.0,2787860.0,0.0,2787860.0,0
2019-08-27,1620.0,1620.0,1620.0,1620.0,1677.0,0.0,0.0,2787860.0,0.0,0.0,0.0,2787860.0,0.0,2787860.0,0
2019-08-28,1620.0,1620.0,1620.0,1620.0,1677.0,0.0,0.0,2787860.0,0.0,0.0,0.0,2787860.0,0.0,2787860.0,0
2019-08-29,1620.0,1620.0,1620.0,1620.0,1677.0,0.0,0.0,2787860.0,0.0,0.0,0.0,2787860.0,0.0,2787860.0,0
2019-08-30,1620.0,1620.0,1620.0,1620.0,1677.0,0.0,0.0,2787860.0,0.0,0.0,0.0,2787860.0,0.0,2787860.0,0
2019-09-02,1620.0,1620.0,1620.0,1620.0,1677.0,0.0,0.0,2787860.0,0.0,0.0,0.0,2787860.0,0.0,2787860.0,0
2019-09-03,1620.0,1620.0,1620.0,1620.0,1677.0,0.0,0.0,2787860.0,0.0,0.0,0.0,2787860.0,0.0,2787860.0,0
2019-09-04,1620.0,1620.0,1620.0,1620.0,1677.0,0.0,0.0,2787860.0,0.0,0.0,0.0,2787860.0,0.0,2787860.0,0
2019-09-05,1620.0,1620.0,1620.0,1620.0,1677.0,0.0,0.0,2787860.0,0.0,0.0,0.0,2787860.0,0.0,2787860.0,0
2019-09-06,1620.0,1620.0,1620.0,1620.0,1677.0,0.0,0.0,2787860.0,0.0,0.0,0.0,2787860.0,0.0,2787860.0,0
2019-09-09,1620.0,1620.0,1620.0,1620.0,1677.0,0.0,0.0,2787860.0,0.0,0.0,0.0,2787860.0,0.0,2787860.0,0
2019-09-10,1620.0,1620.0,1620.0,1620.0,1677.0,0.0,0.0,2787860.0,0.0,0.0,0.0,2787860.0,0.0,2787860.0,0
2019-09-11,1620.0,1620.0,1620.0,1620.0,1677.0,0.0,0.0,2787860.0,0.0,0.0,0.0,2787860.0,0.0,2787860.0,0
2019-09-16,1620.0,1620.0,1620.0,1620.0,1677.0,0.0,0.0,2787860.0,0.0,0.0,0.0,2787860.0,0.0,2787860.0,0
2019-09-17,1620.0,1620.0,1620.0,1620.0,1677.0,0.0,0.0,2787860.0,0.0,0.0,0.0,2787860.0,0.0,2787860.0,0
2019-09-18,1620.0,1620.0,1620.0,1620.0,1677.0,0.0,0.0,2787860.0,0.0,0.0,0.0,2787860.0,0.0,2787860.0,0
2019-09-19,1620.0,1620.0,1620.0,1620.0,1677.0,0.0,0.0,2787860.0,0.0,0.0,0.0,2787860.0,0.0,2787860.0,0
2019-09-20,1620.0,1620.0,1620.0,1620.0,1677.0,0.0,0.0,2787860.0,0.0,0.0,0.0,2787860.0,0.0,2787860.0,0
2019-09-23,1620.0,1620.0,1620.0,1620.0,1677.0,0.0,0.0,2787860.0,0.0,0.0,0.0,2787860.0,0.0,2787860.0,0
2019-09-24,1620.0,1620.0,1620.0,1620.0,1677.0,0.0,0.0,2787860.0,0.0,0.0,0.0,2787860.0,0.0,2787860.0,0
2019-09-25,1620.0,1620.0,1620.0,1620.0,1677.0,0.0,0.0,2787860.0,0.0,0.0,0.0,2787860.0,0.0,2787860.0,0
2019-09-26,1620.0,1620.0,1620.0,1620.0,1677.0,0.0,0.0,2787860.0,0.0,0.0,0.0,2787860.0,0.0,2787860.0,0
2019-09-27,1620.0,1620.0,1620.0,1620.0,1677.0,0.0,0.0,2787860.0,0.0,0.0,0.0,2787860.0,0.0,2787860.0,0
2019-09-30,1620.0,1620.0,1620.0,1620.0,1677.0,0.0,0.0,2787860.0,0.0,0.0,0.0,2787860.0,0.0,2787860.0,0
2019-10-01,1620.0,1620.0,1620.0,1620.0,1677.0,0.0,0.0,2787860.0,0.0,0.0,0.0,2787860.0,0.0,2787860.0,0
2019-10-02,1620.0,1620.0,1620.0,1620.0,1677.0,0.0,0.0,2787860.0,0.0,0.0,0.0,2787860.0,0.0,2787860.0,0
2019-10-04,1620.0,1620.0,1620.0,1620.0,1677.0,0.0,0.0,2787860.0,0.0,0.0,0.0,2787860.0,0.0,2787860.0,0
2019-10-07,1620.0,1620.0,1620.0,1620.0,1677.0,0.0,0.0,2787860.0,0.0,0.0,0.0,2787860.0,0.0,2787860.0,0
2019-10-08,1620.0,1620.0,1620.0,1620.0,1677.0,0.0,0.0,2787860.0,0.0,0.0,0.0,2787860.0,0.0,2787860.0,0
2019-10-10,1620.0,1620.0,1620.0,1620.0,1677.0,0.0,0.0,2787860.0,0.0,0.0,0.0,2787860.0,0.0,2787860.0,0
2019-10-11,1620.0,1620.0,1620.0,1620.0,1677.0,0.0,0.0,2787860.0,0.0,0.0,0.0,2787860.0,0.0,2787860.0,0
2019-10-14,1620.0,1620.0,1620.0,1620.0,1677.0,0.0,0.0,2787860.0,0.0,0.0,0.0,2787860.0,0.0,2787860.0,0
2019-10-15,1620.0,1620.0,1620.0,1620.0,1677.0,0.0,0.0,2787860.0,0.0,0.0,0.0,2787860.0,0.0,2787860.0,0
2019-10-16,1620.0,1620.0,1620.0,1620.0,1677.0,0.0,0.0,2787860.0,0.0,0.0,0.0,2787860.0,0.0,2787860.0,0
2019-10-17,1620.0,1620.0,1620.0,1620.0,1677.0,0.0,0.0,2787860.0,0.0,0.0,0.0,2787860.0,0.0,2787860.0,0
2019-10-18,1620.0,1620.0,1620.0,1620.0,1677.0,0.0,0.0,2787860.0,0.0,0.0,0.0,2787860.0,0.0,2787860.0,0
2019-10-21,1620.0,1620.0,1620.0,1620.0,1677.0,0.0,0.0,2787860.0,0.0,0.0,0.0,2787860.0,0.0,2787860.0,0
2019-10-22,1620.0,1620.0,1620.0,1620.0,1677.0,0.0,0.0,2787860.0,0.0,0.0,0.0,2787860.0,0.0,2787860.0,0
2019-10-23,1620.0,1620.0,1620.0,1620.0,1677.0,0.0,0.0,2787860.0,0.0,0.0,0.0,2787860.0,0.0,2787860.0,0
2019-10-24,1620.0,1620.0,1620.0,1620.0,1677.0,0.0,0.0,2787860.0,0.0,0.0,0.0,2787860.0,0.0,2787860.0,0
2019-10-25,1620.0,1620.0,1620.0,1620.0,1677.0,0.0,0.0,2787860.0,0.0,0.0,0.0,2787860.0,0.0,2787860.0,0
2019-10-28,1620.0,1620.0,1620.0,1620.0,1677.0,0.0,0.0,2787860.0,0.0,0.0,0.0,2787860.0,0.0,2787860.0,0
2019-10-29,1620.0,1620.0,1620.0,1620.0,1677.0,0.0,0.0,2787860.0,0.0,0.0,0.0,2787860.0,0.0,2787860.0,0
2019-10-30,1620.0,1620.0,1620.0,1620.0,1677.0,0.0,0.0,2787860.0,0.0,0.0,0.0,2787860.0,0.0,2787860.0,0
2019-10-31,1620.0,1620.0,1620.0,1620.0,1677.0,0.0,0.0,2787860.0,0.0,0.0,0.0,2787860.0,0.0,2787860.0,0
2019-11-01,1620.0,1620.0,1620.0,1620.0,1677.0,0.0,0.0,2787860.0,0.0,0.0,0.0,2787860.0,0.0,2787860.0,0
2019-11-04,1620.0,1620.0,1620.0,1620.0,1677.0,0.0,0.0,2787860.0,0.0,0.0,0.0,2787860.0,0.0,2787860.0,0
2019-11-05,1620.0,1620.0,1620.0,1620.0,1677.0,0.0,0.0,2787860.0,0.0,0.0,0.0,2787860.0,0.0,2787860.0,0
2019-11-06,1620.0,1620.0,1620.0,1620.0,1677.0,0.0,0.0,2787860.0,0.0,0.0,0.0,2787860.0,0.0,2787860.0,0
2019-11-07,1620.0,1620.0,1620.0,1620.0,1677.0,0.0,0.0,2787860.0,0.0,0.0,0.0,2787860.0,0.0,2787860.0,0
2019-11-08,1620.0,1620.0,1620.0,1620.0,1677.0,0.0,0.0,2787860.0,0.0,0.0,0.0,2787860.0,0.0,2787860.0,0
2019-11-11,1620.0,1620.0,1620.0,1620.0,1677.0,0.0,0.0,2787860.0,0.0,0.0,0.0,2787860.0,0.0,2787860.0,0
2019-11-12,1620.0,1620.0,1620.0,1620.0,1677.0,0.0,0.0,2787860.0,0.0,0.0,0.0,2787860.0,0.0,2787860.0,0
2019-11-13,1620.0,1620.0,1620.0,1620.0,1677.0,0.0,0.0,2787860.0,0.0,0.0,0.0,2787860.0,0.0,2787860.0,0
2019-11-14,1620.0,1620.0,1620.0,1620.0,1677.0,0.0,0.0,2787860.0,0.0,0.0,0.0,2787860.0,0.0,2787860.0,0
2019-11-15,1620.0,1620.0,1620.0,1620.0,1677.0,0.0,0.0,2787860.0,0.0,0.0,0.0,2787860.0,0.0,2787860.0,0
2019-11-18,1620.0,1620.0,1620.0,1620.0,1677.0,0.0,0.0,2787860.0,0.0,0.0,0.0,2787860.0,0.0,2787860.0,0
2019-11-19,1620.0,1620.0,1620.0,1620.0,1677.0,0.0,0.0,2787860.0,0.0,0.0,0.0,2787860.0,0.0,2787860.0,0
2019-11-20,1620.0,1620.0,1620.0,1620.0,1677.0,0.0,0.0,2787860.0,0.0,0.0,0.0,2787860.0,0.0,2787860.0,0
2019-11-21,1620.0,1620.0,1620.0,1620.0,1677.0,0.0,0.0,2787860.0,0.0,0.0,0.0,2787860.0,0.0,2787860.0,0
2019-11-22,1620.0,1620.0,1620.0,1620.0,1677.0,0.0,0.0,2787860.0,0.0,0.0,0.0,2787860.0,0.0,2787860.0,0
2019-11-25,1620.0,1620.0,1620.0,1620.0,1677.0,0.0,0.0,2787860.0,0.0,0.0,0.0,2787860.0,0.0,2787860.0,0
2019-11-26,1620.0,1620.0,1620.0,1620.0,1677.0,0.0,0.0,2787860.0,0.0,0.0,0.0,2787860.0,0.0,2787860.0,0
2019-11-27,1620.0,1620.0,1620.0,1620.0,1677.0,0.0,0.0,2787860.0,0.0,0.0,0.0,2787860.0,0.0,2787860.0,0
2019-11-28,1620.0,1620.0,1620.0,1620.0,1677.0,0.0,0.0,2787860.0,0.0,0.0,0.0,2787860.0,0.0,2787860.0,0
2019-11-29,1620.0,1620.0,1620.0,1620.0,1677.0,0.0,0.0,2787860.0,0.0,0.0,0.0,2787860.0,0.0,2787860.0,0
2019-12-02,1620.0,1620.0,1620.0,1620.0,1677.0,0.0,0.0,2787860.0,0.0,0.0,0.0,2787860.0,0.0,2787860.0,0
2019-12-03,1620.0,1620.0,1620.0,1620.0,1677.0,0.0,0.0,2787860.0,0.0,0.0,0.0,2787860.0,0.0,2787860.0,0
2019-12-04,1620.0,1620.0,1620.0,1620.0,1677.0,0.0,0.0,2787860.0,0.0,0.0,0.0,2787860.0,0.0,2787860.0,0
2019-12-05,1620.0,1620.0,1620.0,1620.0,1677.0,0.0,0.0,2787860.0,0.0,0.0,0.0,2787860.0,0.0,2787860.0,0
2019-12-06,1620.0,1620.0,1620.0,1620.0,1677.0,0.0,0.0,2787860.0,0.0,0.0,0.0,2787860.0,0.0,2787860.0,0
2019-12-09,1620.0,1620.0,1620.0,1620.0,1677.0,0.0,0.0,2787860.0,0.0,0.0,0.0,2787860.0,0.0,2787860.0,0
2019-12-10,1620.0,1620.0,1620.0,1620.0,1677.0,0.0,0.0,2787860.0,0.0,0.0,0.0,2787860.0,0.0,2787860.0,0
2019-12-11,1620.0,1620.0,1620.0,1620.0,1677.0,0.0,0.0,2787860.0,0.0,0.0,0.0,2787860.0,0.0,2787860.0,0
2019-12-12,1620.0,1620.0,1620.0,1620.0,1677.0,0.0,0.0,2787860.0,0.0,0.0,0.0,2787860.0,0.0,2787860.0,0
2019-12-13,1620.0,1620.0,1620.0,1620.0,1677.0,0.0,0.0,2787860.0,0.0,0.0,0.0,2787860.0,0.0,2787860.0,0
2019-12-16,1620.0,1620.0,1620.0,1620.0,1677.0,0.0,0.0,2787860.0,0.0,0.0,0.0,2787860.0,0.0,2787860.0,0
2019-12-17,1620.0,1620.0,1620.0,1620.0,1677.0,0.0,0.0,2787860.0,0.0,0.0,0.0,2787860.0,0.0,2787860.0,0
2019-12-18,1620.0,1620.0,1620.0,1620.0,1677.0,0.0,0.0,2787860.0,0.0,0.0,0.0,2787860.0,0.0,2787860.0,0
2019-12-19,1620.0,1620.0,1620.0,1620.0,1677.0,0.0,0.0,2787860.0,0.0,0.0,0.0,2787860.0,0.0,2787860.0,0
2019-12-20,1620.0,1620.0,1620.0,1620.0,1677.0,0.0,0.0,2787860.0,0.0,0.0,0.0,2787860.0,0.0,2787860.0,0
2019-12-23,1620.0,1620.0,1620.0,1620.0,1677.0,0.0,0.0,2787860.0,0.0,0.0,0.0,2787860.0,0.0,2787860.0,0
2019-12-24,1620.0,1620.0,1620.0,1620.0,1677.0,0.0,0.0,2787860.0,0.0,0.0,0.0,2787860.0,0.0,2787860.0,0
2019-12-26,1620.0,1620.0,1620.0,1620.0,1677.0,0.0,0.0,2787860.0,0.0,0.0,0.0,2787860.0,0.0,2787860.0,0
2019-12-27,1620.0,1620.0,1620.0,1620.0,1677.0,0.0,0.0,2787860.0,0.0,0.0,0.0,2787860.0,0.0,2787860.0,0
2019-12-30,1620.0,1620.0,1620.0,1620.0,1677.0,0.0,0.0,2787860.0,0.0,0.0,0.0,2787860.0,0.0,2787860.0,0
2020-01-02,1620.0,1620.0,1620.0,1620.0,1677.0,0.0,0.0,2787860.0,0.0,0.0,0.0,2787860.0,0.0,2787860.0,0
2020-01-03,1620.0,1620.0,1620.0,1620.0,1677.0,0.0,0.0,2787860.0,0.0,0.0,0.0,2787860.0,0.0,2787860.0,0
2020-01-06,1620.0,1620.0,1620.0,1620.0,1677.0,0.0,0.0,2787860.0,0.0,0.0,0.0,2787860.0,0.0,2787860.0,0
2020-01-07,1620.0,1620.0,1620.0,1620.0,1677.0,0.0,0.0,2787860.0,0.0,0.0,0.0,2787860.0,0.0,2787860.0,0
2020-01-08,1620.0,1620.0,1620.0,1620.0,1677.0,0.0,0.0,2787860.0,0.0,0.0,0.0,2787860.0,0.0,2787860.0,0
2020-01-09,1620.0,1620.0,1620.0,1620.0,1677.0,0.0,0.0,2787860.0,0.0,0.0,0.0,2787860.0,0.0,2787860.0,0
2020-01-10,1620.0,1620.0,1620.0,1620.0,1677.0,0.0,0.0,2787860.0,0.0,0.0,0.0,2787860.0,0.0,2787860.0,0
2020-01-13,1620.0,1620.0,1620.0,1620.0,1677.0,0.0,0.0,2787860.0,0.0,0.0,0.0,2787860.0,0.0,2787860.0,0
2020-01-14,1620.0,1620.0,1620.0,1620.0,1677.0,0.0,0.0,2787860.0,0.0,0.0,0.0,2787860.0,0.0,2787860.0,0
2020-01-15,1620.0,1620.0,1620.0,1620.0,1677.0,0.0,0.0,2787860.0,0.0,0.0,0.0,2787860.0,0.0,2787860.0,0
2020-01-16,1620.0,1620.0,1620.0,1620.0,1677.0,0.0,0.0,2787860.0,0.0,0.0,0.0,2787860.0,0.0,2787860.0,0
2020-01-17,1620.0,1620.0,1620.0,1620.0,1677.0,0.0,0.0,2787860.0,0.0,0.0,0.0,2787860.0,0.0,2787860.0,0
2020-01-20,1620.0,1620.0,1620.0,1620.0,1677.0,0.0,0.0,2787860.0,0.0,0.0,0.0,2787860.0,0.0,2787860.0,0
2020-01-21,1620.0,1620.0,1620.0,1620.0,1677.0,0.0,0.0,2787860.0,0.0,0.0,0.0,2787860.0,0.0,2787860.0,0
2020-01-22,1620.0,1620.0,1620.0,1620.0,1677.0,0.0,0.0,2787860.0,0.0,0.0,0.0,2787860.0,0.0,2787860.0,0
2020-01-23,1620.0,1620.0,1620.0,1620.0,1677.0,0.0,0.0,2787860.0,0.0,0.0,0.0,2787860.0,0.0,2787860.0,0
2020-01-28,1620.0,1620.0,1620.0,1620.0,1677.0,0.0,0.0,2787860.0,0.0,0.0,0.0,2787860.0,0.0,2787860.0,0
2020-01-29,1620.0,1620.0,1620.0,1620.0,1677.0,0.0,0.0,2787860.0,0.0,0.0,0.0,2787860.0,0.0,2787860.0,0
2020-01-30,1620.0,1620.0,1620.0,1620.0,1677.0,0.0,0.0,2787860.0,0.0,0.0,0.0,2787860.0,0.0,2787860.0,0
2020-01-31,1620.0,1620.0,1620.0,1620.0,1677.0,0.0,0.0,2787860.0,0.0,0.0,0.0,2787860.0,0.0,2787860.0,0
2020-02-03,1620.0,1620.0,1620.0,1620.0,1677.0,0.0,0.0,2787860.0,0.0,0.0,0.0,2787860.0,0.0,2787860.0,0
2020-02-04,1620.0,1620.0,1620.0,1620.0,1677.0,0.0,0.0,2787860.0,0.0,0.0,0.0,2787860.0,0.0,2787860.0,0
2020-02-05,1620.0,1620.0,1620.0,1620.0,1677.0,0.0,0.0,2787860.0,0.0,0.0,0.0,2787860.0,0.0,2787860.0,0
2020-02-06,1620.0,1620.0,1620.0,1620.0,1677.0,0.0,0.0,2787860.0,0.0,0.0,0.0,2787860.0,0.0,2787860.0,0
2020-02-07,1620.0,1620.0,1620.0,1620.0,1677.0,0.0,0.0,2787860.0,0.0,0.0,0.0,2787860.0,0.0,2787860.0,0
2020-02-10,1620.0,1620.0,1620.0,1620.0,1677.0,0.0,0.0,2787860.0,0.0,0.0,0.0,2787860.0,0.0,2787860.0,0
2020-02-11,1620.0,1620.0,1620.0,1620.0,1677.0,0.0,0.0,2787860.0,0.0,0.0,0.0,2787860.0,0.0,2787860.0,0
2020-02-12,1620.0,1620.0,1620.0,1620.0,1677.0,0.0,0.0,2787860.0,0.0,0.0,0.0,2787860.0,0.0,2787860.0,0
2020-02-13,1620.0,1620.0,1620.0,1620.0,1677.0,0.0,0.0,2787860.0,0.0,0.0,0.0,2787860.0,0.0,2787860.0,0
2020-02-14,1620.0,1620.0,1620.0,1620.0,1677.0,0.0,0.0,2787860.0,0.0,0.0,0.0,2787860.0,0.0,2787860.0,0
2020-02-17,1620.0,1620.0,1620.0,1620.0,1677.0,0.0,0.0,2787860.0,0.0,0.0,0.0,2787860.0,0.0,2787860.0,0
2020-02-18,1620.0,1620.0,1620.0,1620.0,1677.0,0.0,0.0,2787860.0,0.0,0.0,0.0,2787860.0,0.0,2787860.0,0
2020-02-19,1620.0,1620.0,1620.0,1620.0,1677.0,0.0,0.0,2787860.0,0.0,0.0,0.0,2787860.0,0.0,2787860.0,0
2020-02-20,1620.0,1620.0,1620.0,1620.0,1677.0,0.0,0.0,2787860.0,0.0,0.0,0.0,2787860.0,0.0,2787860.0,0
2020-02-21,1620.0,1620.0,1620.0,1620.0,1677.0,0.0,0.0,2787860.0,0.0,0.0,0.0,2787860.0,0.0,2787860.0,0
2020-02-24,1620.0,1620.0,1620.0,1620.0,1677.0,0.0,0.0,2787860.0,0.0,0.0,0.0,2787860.0,0.0,2787860.0,0
2020-02-25,1620.0,1620.0,1620.0,1620.0,1677.0,0.0,0.0,2787860.0,0.0,0.0,0.0,2787860.0,0.0,2787860.0,0
2020-02-26,1620.0,1620.0,1620.0,1620.0,1677.0,0.0,0.0,2787860.0,0.0,0.0,0.0,2787860.0,0.0,2787860.0,0
2020-02-27,1620.0,1620.0,1620.0,1620.0,1677.0,0.0,0.0,2787860.0,0.0,0.0,0.0,2787860.0,0.0,2787860.0,0
2020-02-28,1620.0,1620.0,1620.0,1620.0,1677.0,0.0,0.0,2787860.0,0.0,0.0,0.0,2787860.0,0.0,2787860.0,0
2020-03-02,1620.0,1620.0,1620.0,1620.0,1677.0,0.0,0.0,2787860.0,0.0,0.0,0.0,2787860.0,0.0,2787860.0,0
2020-03-03,1620.0,1620.0,1620.0,1620.0,1677.0,0.0,0.0,2787860.0,0.0,0.0,0.0,2787860.0,0.0,2787860.0,0
2020-03-04,1620.0,1620.0,1620.0,1620.0,1677.0,0.0,0.0,2787860.0,0.0,0.0,0.0,2787860.0,0.0,2787860.0,0
2020-03-05,1620.0,1620.0,1620.0,1620.0,1677.0,0.0,0.0,2787860.0,0.0,0.0,0.0,2787860.0,0.0,2787860.0,0
2020-03-06,1620.0,1620.0,1620.0,1620.0,1677.0,0.0,0.0,2787860.0,0.0,0.0,0.0,2787860.0,0.0,2787860.0,0
2020-03-09,1620.0,1620.0,1620.0,1620.0,1677.0,0.0,0.0,2787860.0,0.0,0.0,0.0,2787860.0,0.0,2787860.0,0
2020-03-10,1620.0,1620.0,1620.0,1620.0,1677.0,0.0,0.0,2787860.0,0.0,0.0,0.0,2787860.0,0.0,2787860.0,0
2020-03-11,1620.0,1620.0,1620.0,1620.0,1677.0,0.0,0.0,2787860.0,0.0,0.0,0.0,2787860.0,0.0,2787860.0,0
2020-03-12,1620.0,1620.0,1620.0,1620.0,1677.0,0.0,0.0,2787860.0,0.0,0.0,0.0,2787860.0,0.0,2787860.0,0
2020-03-13,1620.0,1620.0,1620.0,1620.0,1677.0,0.0,0.0,2787860.0,0.0,0.0,0.0,2787860.0,0.0,2787860.0,0
2020-03-16,1620.0,1620.0,1620.0,1620.0,1677.0,0.0,0.0,2787860.0,0.0,0.0,0.0,2787860.0,0.0,2787860.0,0
2020-03-17,1620.0,1620.0,1620.0,1620.0,1677.0,0.0,0.0,2787860.0,0.0,0.0,0.0,2787860.0,0.0,2787860.0,0
2020-03-18,1620.0,1620.0,1620.0,1620.0,1677.0,0.0,0.0,2787860.0,0.0,0.0,0.0,2787860.0,0.0,2787860.0,0
2020-03-19,1620.0,1620.0,1620.0,1620.0,1677.0,0.0,0.0,2787860.0,0.0,0.0,0.0,2787860.0,0.0,2787860.0,0
2020-03-20,1620.0,1620.0,1620.0,1620.0,1677.0,0.0,0.0,2787860.0,0.0,0.0,0.0,2787860.0,0.0,2787860.0,0
2020-03-23,1620.0,1620.0,1620.0,1620.0,1677.0,0.0,0.0,2787860.0,0.0,0.0,0.0,2787860.0,0.0,2787860.0,0
2020-03-24,1620.0,1620.0,1620.0,1620.0,1677.0,0.0,0.0,2787860.0,0.0,0.0,0.0,2787860.0,0.0,2787860.0,0
2020-03-25,1620.0,1620.0,1620.0,1620.0,1677.0,0.0,0.0,2787860.0,0.0,0.0,0.0,2787860.0,0.0,2787860.0,0
2020-03-26,1620.0,1620.0,1620.0,1620.0,1677.0,0.0,0.0,2787860.0,0.0,0.0,0.0,2787860.0,0.0,2787860.0,0
2020-03-27,1620.0,1620.0,1620.0,1620.0,1677.0,0.0,0.0,2787860.0,0.0,0.0,0.0,2787860.0,0.0,2787860.0,0
2020-03-30,1620.0,1620.0,1620.0,1620.0,1677.0,0.0,0.0,2787860.0,0.0,0.0,0.0,2787860.0,0.0,2787860.0,0
2020-03-31,1620.0,1620.0,1620.0,1620.0,1677.0,0.0,0.0,2787860.0,0.0,0.0,0.0,2787860.0,0.0,2787860.0,0
2020-04-01,1620.0,1620.0,1620.0,1620.0,1677.0,0.0,0.0,2787860.0,0.0,0.0,0.0,2787860.0,0.0,2787860.0,0
2020-04-02,1620.0,1620.0,1620.0,1620.0,1677.0,0.0,0.0,2787860.0,0.0,0.0,0.0,2787860.0,0.0,2787860.0,0
2020-04-03,1620.0,1620.0,1620.0,1620.0,1677.0,0.0,0.0,2787860.0,0.0,0.0,0.0,2787860.0,0.0,2787860.0,0
2020-04-06,1620.0,1620.0,1620.0,1620.0,1677.0,0.0,0.0,2787860.0,0.0,0.0,0.0,2787860.0,0.0,2787860.0,0
2020-04-07,1620.0,1620.0,1620.0,1620.0,1677.0,0.0,0.0,2787860.0,0.0,0.0,0.0,2787860.0,0.0,2787860.0,0
2020-04-08,1620.0,1620.0,1620.0,1620.0,1677.0,0.0,0.0,2787860.0,0.0,0.0,0.0,2787860.0,0.0,2787860.0,0
2020-04-09,1620.0,1620.0,1620.0,1620.0,1677.0,0.0,0.0,2787860.0,0.0,0.0,0.0,2787860.0,0.0,2787860.0,0
2020-04-10,1620.0,1620.0,1620.0,1620.0,1677.0,0.0,0.0,2787860.0,0.0,0.0,0.0,2787860.0,0.0,2787860.0,0
2020-04-13,1620.0,1620.0,1620.0,1620.0,1677.0,0.0,0.0,2787860.0,0.0,0.0,0.0,2787860.0,0.0,2787860.0,0
2020-04-14,1620.0,1620.0,1620.0,1620.0,1677.0,0.0,0.0,2787860.0,0.0,0.0,0.0,2787860.0,0.0,2787860.0,0
2020-04-16,1620.0,1620.0,1620.0,1620.0,1677.0,0.0,0.0,2787860.0,0.0,0.0,0.0,2787860.0,0.0,2787860.0,0
2020-04-17,1620.0,1620.0,1620.0,1620.0,1677.0,0.0,0.0,2787860.0,0.0,0.0,0.0,2787860.0,0.0,2787860.0,0
2020-04-20,1620.0,1620.0,1620.0,1620.0,1677.0,0.0,0.0,2787860.0,0.0,0.0,0.0,2787860.0,0.0,2787860.0,0
2020-04-21,1620.0,1620.0,1620.0,1620.0,1677.0,0.0,0.0,2787860.0,0.0,0.0,0.0,2787860.0,0.0,2787860.0,0
2020-04-22,1620.0,1620.0,1620.0,1620.0,1677.0,0.0,0.0,2787860.0,0.0,0.0,0.0,2787860.0,0.0,2787860.0,0
2020-04-23,1620.0,1620.0,1620.0,1620.0,1677.0,0.0,0.0,2787860.0,0.0,0.0,0.0,2787860.0,0.0,2787860.0,0
2020-04-24,1620.0,1620.0,1620.0,1620.0,1677.0,0.0,0.0,2787860.0,0.0,0.0,0.0,2787860.0,0.0,2787860.0,0
2020-04-27,1620.0,1620.0,1620.0,1620.0,1677.0,0.0,0.0,2787860.0,0.0,0.0,0.0,2787860.0,0.0,2787860.0,0
2020-04-28,1620.0,1620.0,1620.0,1620.0,1677.0,0.0,0.0,2787860.0,0.0,0.0,0.0,2787860.0,0.0,2787860.0,0
2020-04-29,1620.0,1620.0,1620.0,1620.0,1677.0,0.0,0.0,2787860.0,0.0,0.0,0.0,2787860.0,0.0,2787860.0,0
2020-05-04,1620.0,1620.0,1620.0,1620.0,1677.0,0.0,0.0,2787860.0,0.0,0.0,0.0,2787860.0,0.0,2787860.0,0
2020-05-06,1620.0,1620.0,1620.0,1620.0,1677.0,0.0,0.0,2787860.0,0.0,0.0,0.0,2787860.0,0.0,2787860.0,0
2020-05-07,1620.0,1620.0,1620.0,1620.0,1677.0,0.0,0.0,2787860.0,0.0,0.0,0.0,2787860.0,0.0,2787860.0,0
2020-05-08,1620.0,1620.0,1620.0,1620.0,1677.0,0.0,0.0,2787860.0,0.0,0.0,0.0,2787860.0,0.0,2787860.0,0
2020-05-11,1620.0,1620.0,1620.0,1620.0,1677.0,0.0,0.0,2787860.0,0.0,0.0,0.0,2787860.0,0.0,2787860.0,0
2020-05-12,1620.0,1620.0,1620.0,1620.0,1677.0,0.0,0.0,2787860.0,0.0,0.0,0.0,2787860.0,0.0,2787860.0,0
2020-05-13,1620.0,1620.0,1620.0,1620.0,1677.0,0.0,0.0,2787860.0,0.0,0.0,0.0,2787860.0,0.0,2787860.0,0
2020-05-14,1620.0,1620.0,1620.0,1620.0,1677.0,0.0,0.0,2787860.0,0.0,0.0,0.0,2787860.0,0.0,2787860.0,0
2020-05-15,1620.0,1620.0,1620.0,1620.0,1677.0,0.0,0.0,2787860.0,0.0,0.0,0.0,2787860.0,0.0,2787860.0,0
2020-05-18,1620.0,1620.0,1620.0,1620.0,1677.0,0.0,0.0,2787860.0,0.0,0.0,0.0,2787860.0,0.0,2787860.0,0
2020-05-19,1620.0,1620.0,1620.0,1620.0,1677.0,0.0,0.0,2787860.0,0.0,0.0,0.0,2787860.0,0.0,2787860.0,0
2020-05-20,1620.0,1620.0,1620.0,1620.0,1677.0,0.0,0.0,2787860.0,0.0,0.0,0.0,2787860.0,0.0,2787860.0,0
2020-05-21,1620.0,1620.0,1620.0,1620.0,1677.0,0.0,0.0,2787860.0,0.0,0.0,0.0,2787860.0,0.0,2787860.0,0
2020-05-22,1620.0,1620.0,1620.0,1620.0,1677.0,0.0,0.0,2787860.0,0.0,0.0,0.0,2787860.0,0.0,2787860.0,0
2020-05-25,1620.0,1620.0,1620.0,1620.0,1677.0,0.0,0.0,2787860.0,0.0,0.0,0.0,2787860.0,0.0,2787860.0,0
2020-05-26,1620.0,1620.0,1620.0,1620.0,1677.0,0.0,0.0,2787860.0,0.0,0.0,0.0,2787860.0,0.0,2787860.0,0
2020-05-27,1620.0,1620.0,1620.0,1620.0,1677.0,0.0,0.0,2787860.0,0.0,0.0,0.0,2787860.0,0.0,2787860.0,0
2020-05-28,1620.0,1620.0,1620.0,1620.0,1677.0,0.0,0.0,2787860.0,0.0,0.0,0.0,2787860.0,0.0,2787860.0,0
2020-05-29,1620.0,1620.0,1620.0,1620.0,1677.0,0.0,0.0,2787860.0,0.0,0.0,0.0,2787860.0,0.0,2787860.0,0
2020-06-01,1620.0,1620.0,1620.0,1620.0,1677.0,0.0,0.0,2787860.0,0.0,0.0,0.0,2787860.0,0.0,2787860.0,0
2020-06-02,1620.0,1620.0,1620.0,1620.0,1677.0,0.0,0.0,2787860.0,0.0,0.0,0.0,2787860.0,0.0,2787860.0,0
2020-06-03,1620.0,1620.0,1620.0,1620.0,1677.0,0.0,0.0,2787860.0,0.0,0.0,0.0,2787860.0,0.0,2787860.0,0
2020-06-04,1620.0,1620.0,1620.0,1620.0,1677.0,0.0,0.0,2787860.0,0.0,0.0,0.0,2787860.0,0.0,2787860.0,0
2020-06-05,1620.0,1620.0,1620.0,1620.0,1677.0,0.0,0.0,2787860.0,0.0,0.0,0.0,2787860.0,0.0,2787860.0,0
2020-06-08,1620.0,1620.0,1620.0,1620.0,1677.0,0.0,0.0,2787860.0,0.0,0.0,0.0,2787860.0,0.0,2787860.0,0
2020-06-09,1620.0,1620.0,1620.0,1620.0,1677.0,0.0,0.0,2787860.0,0.0,0.0,0.0,2787860.0,0.0,2787860.0,0
2020-06-10,1620.0,1620.0,1620.0,1620.0,1677.0,0.0,0.0,2787860.0,0.0,0.0,0.0,2787860.0,0.0,2787860.0,0
2020-06-11,1620.0,1620.0,1620.0,1620.0,1677.0,0.0,0.0,2787860.0,0.0,0.0,0.0,2787860.0,0.0,2787860.0,0
2020-06-12,1620.0,1620.0,1620.0,1620.0,1677.0,0.0,0.0,2787860.0,0.0,0.0,0.0,2787860.0,0.0,2787860.0,0
2020-06-15,1620.0,1620.0,1620.0,1620.0,1677.0,0.0,0.0,2787860.0,0.0,0.0,0.0,2787860.0,0.0,2787860.0,0
2020-06-16,1620.0,1620.0,1620.0,1620.0,1677.0,0.0,0.0,2787860.0,0.0,0.0,0.0,2787860.0,0.0,2787860.0,0
2020-06-17,1620.0,1620.0,1620.0,1620.0,1677.0,0.0,0.0,2787860.0,0.0,0.0,0.0,2787860.0,0.0,2787860.0,0
2020-06-18,1620.0,1620.0,1620.0,1620.0,1677.0,0.0,0.0,2787860.0,0.0,0.0,0.0,2787860.0,0.0,2787860.0,0
2020-06-19,1620.0,1620.0,1620.0,1620.0,1677.0,0.0,0.0,2787860.0,0.0,0.0,0.0,2787860.0,0.0,2787860.0,0
2020-06-22,1620.0,1620.0,1620.0,1620.0,1677.0,0.0,0.0,2787860.0,0.0,0.0,0.0,2787860.0,0.0,2787860.0,0
2020-06-23,1620.0,1620.0,1620.0,1620.0,1677.0,0.0,0.0,2787860.0,0.0,0.0,0.0,2787860.0,0.0,2787860.0,0
2020-06-24,1620.0,1620.0,1620.0,1620.0,1677.0,0.0,0.0,2787860.0,0.0,0.0,0.0,2787860.0,0.0,2787860.0,0
2020-06-25,1620.0,1620.0,1620.0,1620.0,1677.0,0.0,0.0,2787860.0,0.0,0.0,0.0,2787860.0,0.0,2787860.0,0
2020-06-26,1620.0,1620.0,1620.0,1620.0,1677.0,0.0,0.0,2787860.0,0.0,0.0,0.0,2787860.0,0.0,2787860.0,0
2020-06-29,1620.0,1620.0,1620.0,1620.0,1677.0,0.0,0.0,2787860.0,0.0,0.0,0.0,2787860.0,0.0,2787860.0,0
2020-06-30,1620.0,1620.0,1620.0,1620.0,1677.0,0.0,0.0,2787860.0,0.0,0.0,0.0,2787860.0,0.0,2787860.0,0
2020-07-01,1620.0,1620.0,1620.0,1620.0,1677.0,0.0,0.0,2787860.0,0.0,0.0,0.0,2787860.0,0.0,2787860.0,0
2020-07-02,1620.0,1620.0,1620.0,1620.0,1677.0,0.0,0.0,2787860.0,0.0,0.0,0.0,2787860.0,0.0,2787860.0,0
2020-07-03,1620.0,1620.0,1620.0,1620.0,1677.0,0.0,0.0,2787860.0,0.0,0.0,0.0,2787860.0,0.0,2787860.0,0
2020-07-06,1620.0,1620.0,1620.0,1620.0,1677.0,0.0,0.0,2787860.0,0.0,0.0,0.0,2787860.0,0.0,2787860.0,0
2020-07-07,1620.0,1620.0,1620.0,1620.0,1677.0,0.0,0.0,2787860.0,0.0,0.0,0.0,2787860.0,0.0,2787860.0,0
2020-07-08,1620.0,1620.0,1620.0,1620.0,1677.0,0.0,0.0,2787860.0,0.0,0.0,0.0,2787860.0,0.0,2787860.0,0
2020-07-09,1620.0,1620.0,1620.0,1620.0,1677.0,0.0,0.0,2787860.0,0.0,0.0,0.0,2787860.0,0.0,2787860.0,0
2020-07-10,1620.0,1620.0,1620.0,1620.0,1677.0,0.0,0.0,2787860.0,0.0,0.0,0.0,2787860.0,0.0,2787860.0,0
2020-07-13,1620.0,1620.0,1620.0,1620.0,1677.0,0.0,0.0,2787860.0,0.0,0.0,0.0,2787860.0,0.0,2787860.0,0
2020-07-14,1620.0,1620.0,1620.0,1620.0,1677.0,0.0,0.0,2787860.0,0.0,0.0,0.0,2787860.0,0.0,2787860.0,0
2020-07-15,1620.0,1620.0,1620.0,1620.0,1677.0,0.0,0.0,2787860.0,0.0,0.0,0.0,2787860.0,0.0,2787860.0,0
2020-07-16,1620.0,1620.0,1620.0,1620.0,1677.0,0.0,0.0,2787860.0,0.0,0.0,0.0,2787860.0,0.0,2787860.0,0
2020-07-17,1620.0,1620.0,1620.0,1620.0,1677.0,0.0,0.0,2787860.0,0.0,0.0,0.0,2787860.0,0.0,2787860.0,0
2020-07-20,1620.0,1620.0,1620.0,1620.0,1677.0,0.0,0.0,2787860.0,0.0,0.0,0.0,2787860.0,0.0,2787860.0,0
2020-07-21,1620.0,1620.0,1620.0,1620.0,1677.0,0.0,0.0,2787860.0,0.0,0.0,0.0,2787860.0,0.0,2787860.0,0
2020-07-22,1620.0,1620.0,1620.0,1620.0,1677.0,0.0,0.0,2787860.0,0.0,0.0,0.0,2787860.0,0.0,2787860.0,0
2020-07-23,1620.0,1620.0,1620.0,1620.0,1677.0,0.0,0.0,2787860.0,0.0,0.0,0.0,2787860.0,0.0,2787860.0,0
2020-07-24,1620.0,1620.0,1620.0,1620.0,1677.0,0.0,0.0,2787860.0,0.0,0.0,0.0,2787860.0,0.0,2787860.0,0
2020-07-27,1620.0,1620.0,1620.0,1620.0,1677.0,0.0,0.0,2787860.0,0.0,0.0,0.0,2787860.0,0.0,2787860.0,0
2020-07-28,1620.0,1620.0,1620.0,1620.0,1677.0,0.0,0.0,2787860.0,0.0,0.0,0.0,2787860.0,0.0,2787860.0,0
2020-07-29,1620.0,1620.0,1620.0,1620.0,1677.0,0.0,0.0,2787860.0,0.0,0.0,0.0,2787860.0,0.0,2787860.0,0
2020-07-30,1620.0,1620.0,1620.0,1620.0,1677.0,0.0,0.0,2787860.0,0.0,0.0,0.0,2787860.0,0.0,2787860.0,0
2020-07-31,1620.0,1620.0,1620.0,1620.0,1677.0,0.0,0.0,2787860.0,0.0,0.0,0.0,2787860.0,0.0,2787860.0,0
2020-08-03,1620.0,1620.0,1620.0,1620.0,1677.0,0.0,0.0,2787860.0,0.0,0.0,0.0,2787860.0,0.0,2787860.0,0
2020-08-04,1620.0,1620.0,1620.0,1620.0,1677.0,0.0,0.0,2787860.0,0.0,0.0,0.0,2787860.0,0.0,2787860.0,0
2020-08-05,1620.0,1620.0,1620.0,1620.0,1677.0,0.0,0.0,2787860.0,0.0,0.0,0.0,2787860.0,0.0,2787860.0,0
2020-08-06,1620.0,1620.0,1620.0,1620.0,1677.0,0.0,0.0,2787860.0,0.0,0.0,0.0,2787860.0,0.0,2787860.0,0
2020-08-07,1620.0,1620.0,1620.0,1620.0,1677.0,0.0,0.0,2787860.0,0.0,0.0,0.0,2787860.0,0.0,2787860.0,0
2020-08-10,1620.0,1620.0,1620.0,1620.0,1677.0,0.0,0.0,2787860.0,0.0,0.0,0.0,2787860.0,0.0,2787860.0,0
2020-08-11,1620.0,1620.0,1620.0,1620.0,1677.0,0.0,0.0,2787860.0,0.0,0.0,0.0,2787860.0,0.0,2787860.0,0
2020-08-12,1620.0,1620.0,1620.0,1620.0,1677.0,0.0,0.0,2787860.0,0.0,0.0,0.0,2787860.0,0.0,2787860.0,0
2020-08-13,1620.0,1620.0,1620.0,1620.0,1677.0,0.0,0.0,2787860.0,0.0,0.0,0.0,2787860.0,0.0,2787860.0,0
2020-08-14,1620.0,1620.0,1620.0,1620.0,1677.0,0.0,0.0,2787860.0,0.0,0.0,0.0,2787860.0,0.0,2787860.0,0
2020-08-18,1620.0,1620.0,1620.0,1620.0,1677.0,0.0,0.0,2787860.0,0.0,0.0,0.0,2787860.0,0.0,2787860.0,0
2020-08-19,1620.0,1620.0,1620.0,1620.0,1677.0,0.0,0.0,2787860.0,0.0,0.0,0.0,2787860.0,0.0,2787860.0,0
2020-08-20,1620.0,1620.0,1620.0,1620.0,1677.0,0.0,0.0,2787860.0,0.0,0.0,0.0,2787860.0,0.0,2787860.0,0
2020-08-21,1620.0,1620.0,1620.0,1620.0,1677.0,0.0,0.0,2787860.0,0.0,0.0,0.0,2787860.0,0.0,2787860.0,0
2020-08-24,1620.0,1620.0,1620.0,1620.0,1677.0,0.0,0.0,2787860.0,0.0,0.0,0.0,2787860.0,0.0,2787860.0,0
2020-08-25,1620.0,1620.0,1620.0,1620.0,1677.0,0.0,0.0,2787860.0,0.0,0.0,0.0,2787860.0,0.0,2787860.0,0
2020-08-26,1620.0,1620.0,1620.0,1620.0,1677.0,0.0,0.0,2787860.0,0.0,0.0,0.0,2787860.0,0.0,2787860.0,0
2020-08-27,1620.0,1620.0,1620.0,1620.0,1677.0,0.0,0.0,2787860.0,0.0,0.0,0.0,2787860.0,0.0,2787860.0,0
2020-08-28,1620.0,1620.0,1620.0,1620.0,1677.0,0.0,0.0,2787860.0,0.0,0.0,0.0,2787860.0,0.0,2787860.0,0
2020-08-31,1620.0,1620.0,1620.0,1620.0,1677.0,0.0,0.0,2787860.0,0.0,0.0,0.0,2787860.0,0.0,2787860.0,0
2020-09-01,1620.0,1620.0,1620.0,1620.0,1677.0,0.0,0.0,2787860.0,0.0,0.0,0.0,2787860.0,0.0,2787860.0,0
2020-09-02,1620.0,1620.0,1620.0,1620.0,1677.0,0.0,0.0,2787860.0,0.0,0.0,0.0,2787860.0,0.0,2787860.0,0
2020-09-03,1620.0,1620.0,1620.0,1620.0,1677.0,0.0,0.0,2787860.0,0.0,0.0,0.0,2787860.0,0.0,2787860.0,0
2020-09-04,1620.0,1620.0,1620.0,1620.0,1677.0,0.0,0.0,2787860.0,0.0,0.0,0.0,2787860.0,0.0,2787860.0,0
2020-09-07,1620.0,1620.0,1620.0,1620.0,1677.0,0.0,0.0,2787860.0,0.0,0.0,0.0,2787860.0,0.0,2787860.0,0
2020-09-08,1620.0,1620.0,1620.0,1620.0,1677.0,0.0,0.0,2787860.0,0.0,0.0,0.0,2787860.0,0.0,2787860.0,0
2020-09-09,1620.0,1620.0,1620.0,1620.0,1677.0,0.0,0.0,2787860.0,0.0,0.0,0.0,2787860.0,0.0,2787860.0,0
2020-09-10,1620.0,1620.0,1620.0,1620.0,1677.0,0.0,0.0,2787860.0,0.0,0.0,0.0,2787860.0,0.0,2787860.0,0
2020-09-11,1620.0,1620.0,1620.0,1620.0,1677.0,0.0,0.0,2787860.0,0.0,0.0,0.0,2787860.0,0.0,2787860.0,0
2020-09-14,1620.0,1620.0,1620.0,1620.0,1677.0,0.0,0.0,2787860.0,0.0,0.0,0.0,2787860.0,0.0,2787860.0,0
2020-09-15,1620.0,1620.0,1620.0,1620.0,1677.0,0.0,0.0,2787860.0,0.0,0.0,0.0,2787860.0,0.0,2787860.0,0
2020-09-16,1620.0,1620.0,1620.0,1620.0,1677.0,0.0,0.0,2787860.0,0.0,0.0,0.0,2787860.0,0.0,2787860.0,0
2020-09-17,1620.0,1620.0,1620.0,1620.0,1677.0,0.0,0.0,2787860.0,0.0,0.0,0.0,2787860.0,0.0,2787860.0,0
2020-09-18,1620.0,1620.0,1620.0,1620.0,1677.0,0.0,0.0,2787860.0,0.0,0.0,0.0,2787860.0,0.0,2787860.0,0
2020-09-21,1620.0,1620.0,1620.0,1620.0,1677.0,0.0,0.0,2787860.0,0.0,0.0,0.0,2787860.0,0.0,2787860.0,0
2020-09-22,1620.0,1620.0,1620.0,1620.0,1677.0,0.0,0.0,2787860.0,0.0,0.0,0.0,2787860.0,0.0,2787860.0,0
2020-09-23,1620.0,1620.0,1620.0,1620.0,1677.0,0.0,0.0,2787860.0,0.0,0.0,0.0,2787860.0,0.0,2787860.0,0
2020-09-24,1620.0,1620.0,1620.0,1620.0,1677.0,0.0,0.0,2787860.0,0.0,0.0,0.0,2787860.0,0.0,2787860.0,0
2020-09-25,1620.0,1620.0,1620.0,1620.0,1677.0,0.0,0.0,2787860.0,0.0,0.0,0.0,2787860.0,0.0,2787860.0,0
2020-09-28,1620.0,1620.0,1620.0,1620.0,1677.0,0.0,0.0,2787860.0,0.0,0.0,0.0,2787860.0,0.0,2787860.0,0
2020-09-29,1620.0,1620.0,1620.0,1620.0,1677.0,0.0,0.0,2787860.0,0.0,0.0,0.0,2787860.0,0.0,2787860.0,0
2020-10-05,1620.0,1620.0,1620.0,1620.0,1677.0,0.0,0.0,2787860.0,0.0,0.0,0.0,2787860.0,0.0,2787860.0,0
2020-10-06,1620.0,1620.0,1620.0,1620.0,1677.0,0.0,0.0,2787860.0,0.0,0.0,0.0,2787860.0,0.0,2787860.0,0
2020-10-07,1620.0,1620.0,1620.0,1620.0,1677.0,0.0,0.0,2787860.0,0.0,0.0,0.0,2787860.0,0.0,2787860.0,0
2020-10-08,1620.0,1620.0,1620.0,1620.0,1677.0,0.0,0.0,2787860.0,0.0,0.0,0.0,2787860.0,0.0,2787860.0,0
2020-10-12,1620.0,1620.0,1620.0,1620.0,1677.0,0.0,0.0,2787860.0,0.0,0.0,0.0,2787860.0,0.0,2787860.0,0
2020-10-13,1620.0,1620.0,1620.0,1620.0,1677.0,0.0,0.0,2787860.0,0.0,0.0,0.0,2787860.0,0.0,2787860.0,0
2020-10-14,1620.0,1620.0,1620.0,1620.0,1677.0,0.0,0.0,2787860.0,0.0,0.0,0.0,2787860.0,0.0,2787860.0,0
2020-10-15,1620.0,1620.0,1620.0,1620.0,1677.0,0.0,0.0,2787860.0,0.0,0.0,0.0,2787860.0,0.0,2787860.0,0
2020-10-16,1620.0,1620.0,1620.0,1620.0,1677.0,0.0,0.0,2787860.0,0.0,0.0,0.0,2787860.0,0.0,2787860.0,0
2020-10-19,1620.0,1620.0,1620.0,1620.0,1677.0,0.0,0.0,2787860.0,0.0,0.0,0.0,2787860.0,0.0,2787860.0,0
2020-10-20,1620.0,1620.0,1620.0,1620.0,1677.0,0.0,0.0,2787860.0,0.0,0.0,0.0,2787860.0,0.0,2787860.0,0
2020-10-21,1620.0,1620.0,1620.0,1620.0,1677.0,0.0,0.0,2787860.0,0.0,0.0,0.0,2787860.0,0.0,2787860.0,0
2020-10-22,1620.0,1620.0,1620.0,1620.0,1677.0,0.0,0.0,2787860.0,0.0,0.0,0.0,2787860.0,0.0,2787860.0,0
2020-10-23,1620.0,1620.0,1620.0,1620.0,1677.0,0.0,0.0,2787860.0,0.0,0.0,0.0,2787860.0,0.0,2787860.0,0
2020-10-26,1620.0,1620.0,1620.0,1620.0,1677.0,0.0,0.0,2787860.0,0.0,0.0,0.0,2787860.0,0.0,2787860.0,0
2020-10-27,1620.0,1620.0,1620.0,1620.0,1677.0,0.0,0.0,2787860.0,0.0,0.0,0.0,2787860.0,0.0,2787860.0,0
2020-10-28,1620.0,1620.0,1620.0,1620.0,1677.0,0.0,0.0,2787860.0,0.0,0.0,0.0,2787860.0,0.0,2787860.0,0
2020-10-29,1620.0,1620.0,1620.0,1620.0,1677.0,0.0,0.0,2787860.0,0.0,0.0,0.0,2787860.0,0.0,2787860.0,0
2020-10-30,1620.0,1620.0,1620.0,1620.0,1677.0,0.0,0.0,2787860.0,0.0,0.0,0.0,2787860.0,0.0,2787860.0,0
2020-11-02,1620.0,1620.0,1620.0,1620.0,1677.0,0.0,0.0,2787860.0,0.0,0.0,0.0,2787860.0,0.0,2787860.0,0
2020-11-03,1620.0,1620.0,1620.0,1620.0,1677.0,0.0,0.0,2787860.0,0.0,0.0,0.0,2787860.0,0.0,2787860.0,0
2020-11-04,1620.0,1620.0,1620.0,1620.0,1677.0,0.0,0.0,2787860.0,0.0,0.0,0.0,2787860.0,0.0,2787860.0,0
2020-11-05,1620.0,1620.0,1620.0,1620.0,1677.0,0.0,0.0,2787860.0,0.0,0.0,0.0,2787860.0,0.0,2787860.0,0
2020-11-06,1620.0,1620.0,1620.0,1620.0,1677.0,0.0,0.0,2787860.0,0.0,0.0,0.0,2787860.0,0.0,2787860.0,0
2020-11-09,1620.0,1620.0,1620.0,1620.0,1677.0,0.0,0.0,2787860.0,0.0,0.0,0.0,2787860.0,0.0,2787860.0,0
2020-11-10,1620.0,1620.0,1620.0,1620.0,1677.0,0.0,0.0,2787860.0,0.0,0.0,0.0,2787860.0,0.0,2787860.0,0
2020-11-11,1620.0,1620.0,1620.0,1620.0,1677.0,0.0,0.0,2787860.0,0.0,0.0,0.0,2787860.0,0.0,2787860.0,0
2020-11-12,1620.0,1620.0,1620.0,1620.0,1677.0,0.0,0.0,2787860.0,0.0,0.0,0.0,2787860.0,0.0,2787860.0,0
2020-11-13,1620.0,1620.0,1620.0,1620.0,1677.0,0.0,0.0,2787860.0,0.0,0.0,0.0,2787860.0,0.0,2787860.0,0
2020-11-16,1620.0,1620.0,1620.0,1620.0,1677.0,0.0,0.0,2787860.0,0.0,0.0,0.0,2787860.0,0.0,2787860.0,0
2020-11-17,1620.0,1620.0,1620.0,1620.0,1677.0,0.0,0.0,2787860.0,0.0,0.0,0.0,2787860.0,0.0,2787860.0,0
2020-11-18,1620.0,1620.0,1620.0,1620.0,1677.0,0.0,0.0,2787860.0,0.0,0.0,0.0,2787860.0,0.0,2787860.0,0
2020-11-19,1620.0,1620.0,1620.0,1620.0,1677.0,0.0,0.0,2787860.0,0.0,0.0,0.0,2787860.0,0.0,2787860.0,0
2020-11-20,1620.0,1620.0,1620.0,1620.0,1677.0,0.0,0.0,2787860.0,0.0,0.0,0.0,2787860.0,0.0,2787860.0,0
2020-11-23,1620.0,1620.0,1620.0,1620.0,1677.0,0.0,0.0,2787860.0,0.0,0.0,0.0,2787860.0,0.0,2787860.0,0
2020-11-24,1620.0,1620.0,1620.0,1620.0,1677.0,0.0,0.0,2787860.0,0.0,0.0,0.0,2787860.0,0.0,2787860.0,0
2020-11-25,1620.0,1620.0,1620.0,1620.0,1677.0,0.0,0.0,2787860.0,0.0,0.0,0.0,2787860.0,0.0,2787860.0,0
2020-11-26,1620.0,1620.0,1620.0,1620.0,1677.0,0.0,0.0,2787860.0,0.0,0.0,0.0,2787860.0,0.0,2787860.0,0
2020-11-27,1620.0,1620.0,1620.0,1620.0,1677.0,0.0,0.0,2787860.0,0.0,0.0,0.0,2787860.0,0.0,2787860.0,0
2020-11-30,1620.0,1620.0,1620.0,1620.0,1677.0,0.0,0.0,2787860.0,0.0,0.0,0.0,2787860.0,0.0,2787860.0,0
2020-12-01,1620.0,1620.0,1620.0,1620.0,1677.0,0.0,0.0,2787860.0,0.0,0.0,0.0,2787860.0,0.0,2787860.0,0
2020-12-02,1620.0,1620.0,1620.0,1620.0,1677.0,0.0,0.0,2787860.0,0.0,0.0,0.0,2787860.0,0.0,2787860.0,0
2020-12-03,1620.0,1620.0,1620.0,1620.0,1677.0,0.0,0.0,2787860.0,0.0,0.0,0.0,2787860.0,0.0,2787860.0,0
2020-12-04,1620.0,1620.0,1620.0,1620.0,1677.0,0.0,0.0,2787860.0,0.0,0.0,0.0,2787860.0,0.0,2787860.0,0
2020-12-07,1620.0,1620.0,1620.0,1620.0,1677.0,0.0,0.0,2787860.0,0.0,0.0,0.0,2787860.0,0.0,2787860.0,0
2020-12-08,1620.0,1620.0,1620.0,1620.0,1677.0,0.0,0.0,2787860.0,0.0,0.0,0.0,2787860.0,0.0,2787860.0,0
2020-12-09,1620.0,1620.0,1620.0,1620.0,1677.0,0.0,0.0,2787860.0,0.0,0.0,0.0,2787860.0,0.0,2787860.0,0
2020-12-10,1620.0,1620.0,1620.0,1620.0,1677.0,0.0,0.0,2787860.0,0.0,0.0,0.0,2787860.0,0.0,2787860.0,0
2020-12-11,1620.0,1620.0,1620.0,1620.0,1677.0,0.0,0.0,2787860.0,0.0,0.0,0.0,2787860.0,0.0,2787860.0,0
2020-12-14,1620.0,1620.0,1620.0,1620.0,1677.0,0.0,0.0,2787860.0,0.0,0.0,0.0,2787860.0,0.0,2787860.0,0
2020-12-15,1620.0,1620.0,1620.0,1620.0,1677.0,0.0,0.0,2787860.0,0.0,0.0,0.0,2787860.0,0.0,2787860.0,0
2020-12-16,1620.0,1620.0,1620.0,1620.0,1677.0,0.0,0.0,2787860.0,0.0,0.0,0.0,2787860.0,0.0,2787860.0,0
2020-12-17,1620.0,1620.0,1620.0,1620.0,1677.0,0.0,0.0,2787860.0,0.0,0.0,0.0,2787860.0,0.0,2787860.0,0
2020-12-18,1620.0,1620.0,1620.0,1620.0,1677.0,0.0,0.0,2787860.0,0.0,0.0,0.0,2787860.0,0.0,2787860.0,0
2020-12-21,1620.0,1620.0,1620.0,1620.0,1677.0,0.0,0.0,2787860.0,0.0,0.0,0.0,2787860.0,0.0,2787860.0,0
2020-12-22,1620.0,1620.0,1620.0,1620.0,1677.0,0.0,0.0,2787860.0,0.0,0.0,0.0,2787860.0,0.0,2787860.0,0
2020-12-23,1620.0,1620.0,1620.0,1620.0,1677.0,0.0,0.0,2787860.0,0.0,0.0,0.0,2787860.0,0.0,2787860.0,0
2020-12-24,1620.0,1620.0,1620.0,1620.0,1677.0,0.0,0.0,2787860.0,0.0,0.0,0.0,2787860.0,0.0,2787860.0,0
2020-12-28,1620.0,1620.0,1620.0,1620.0,1677.0,0.0,0.0,2787860.0,0.0,0.0,0.0,2787860.0,0.0,2787860.0,0
2020-12-29,1620.0,1620.0,1620.0,1620.0,1677.0,0.0,0.0,2787860.0,0.0,0.0,0.0,2787860.0,0.0,2787860.0,0
2020-12-30,1620.0,1620.0,1620.0,1620.0,1677.0,0.0,0.0,2787860.0,0.0,0.0,0.0,2787860.0,0.0,2787860.0,0
2021-01-04,1620.0,1620.0,1620.0,1620.0,1677.0,0.0,0.0,2787860.0,0.0,0.0,0.0,2787860.0,0.0,2787860.0,0
2021-01-05,1620.0,1620.0,1620.0,1620.0,1677.0,0.0,0.0,2787860.0,0.0,0.0,0.0,2787860.0,0.0,2787860.0,0
2021-01-06,1620.0,1620.0,1620.0,1620.0,1677.0,0.0,0.0,2787860.0,0.0,0.0,0.0,2787860.0,0.0,2787860.0,0
2021-01-07,1620.0,1620.0,1620.0,1620.0,1677.0,0.0,0.0,2787860.0,0.0,0.0,0.0,2787860.0,0.0,2787860.0,0
2021-01-08,1620.0,1620.0,1620.0,1620.0,1677.0,0.0,0.0,2787860.0,0.0,0.0,0.0,2787860.0,0.0,2787860.0,0
2021-01-11,1620.0,1620.0,1620.0,1620.0,1677.0,0.0,0.0,2787860.0,0.0,0.0,0.0,2787860.0,0.0,2787860.0,0
2021-01-12,1620.0,1620.0,1620.0,1620.0,1677.0,0.0,0.0,2787860.0,0.0,0.0,0.0,2787860.0,0.0,2787860.0,0
2021-01-13,1620.0,1620.0,1620.0,1620.0,1677.0,0.0,0.0,2787860.0,0.0,0.0,0.0,2787860.0,0.0,2787860.0,0
2021-01-14,1620.0,1620.0,1620.0,1620.0,1677.0,0.0,0.0,2787860.0,0.0,0.0,0.0,2787860.0,0.0,2787860.0,0
2021-01-15,1620.0,1620.0,1620.0,1620.0,1677.0,0.0,0.0,2787860.0,0.0,0.0,0.0,2787860.0,0.0,2787860.0,0
2021-01-18,1620.0,1620.0,1620.0,1620.0,1677.0,0.0,0.0,2787860.0,0.0,0.0,0.0,2787860.0,0.0,2787860.0,0
2021-01-19,1620.0,1620.0,1620.0,1620.0,1677.0,0.0,0.0,2787860.0,0.0,0.0,0.0,2787860.0,0.0,2787860.0,0
2021-01-20,1620.0,1620.0,1620.0,1620.0,1677.0,0.0,0.0,2787860.0,0.0,0.0,0.0,2787860.0,0.0,2787860.0,0
2021-01-21,1620.0,1620.0,1620.0,1620.0,1677.0,0.0,0.0,2787860.0,0.0,0.0,0.0,2787860.0,0.0,2787860.0,0
2021-01-22,1620.0,1620.0,1620.0,1620.0,1677.0,0.0,0.0,2787860.0,0.0,0.0,0.0,2787860.0,0.0,2787860.0,0
2021-01-25,1620.0,1620.0,1620.0,1620.0,1677.0,0.0,0.0,2787860.0,0.0,0.0,0.0,2787860.0,0.0,2787860.0,0
2021-01-26,1620.0,1620.0,1620.0,1620.0,1677.0,0.0,0.0,2787860.0,0.0,0.0,0.0,2787860.0,0.0,2787860.0,0
2021-01-27,1620.0,1620.0,1620.0,1620.0,1677.0,0.0,0.0,2787860.0,0.0,0.0,0.0,2787860.0,0.0,2787860.0,0
2021-01-28,1620.0,1620.0,1620.0,1620.0,1677.0,0.0,0.0,2787860.0,0.0,0.0,0.0,2787860.0,0.0,2787860.0,0
2021-01-29,1620.0,1620.0,1620.0,1620.0,1677.0,0.0,0.0,2787860.0,0.0,0.0,0.0,2787860.0,0.0,2787860.0,0
2021-02-01,1620.0,1620.0,1620.0,1620.0,1677.0,0.0,0.0,2787860.0,0.0,0.0,0.0,2787860.0,0.0,2787860.0,0
2021-02-02,1620.0,1620.0,1620.0,1620.0,1677.0,0.0,0.0,2787860.0,0.0,0.0,0.0,2787860.0,0.0,2787860.0,0
2021-02-03,1620.0,1620.0,1620.0,1620.0,1677.0,0.0,0.0,2787860.0,0.0,0.0,0.0,2787860.0,0.0,2787860.0,0
2021-02-04,1620.0,1620.0,1620.0,1620.0,1677.0,0.0,0.0,2787860.0,0.0,0.0,0.0,2787860.0,0.0,2787860.0,0
2021-02-05,1620.0,1620.0,1620.0,1620.0,1677.0,0.0,0.0,2787860.0,0.0,0.0,0.0,2787860.0,0.0,2787860.0,0
2021-02-08,1620.0,1620.0,1620.0,1620.0,1677.0,0.0,0.0,2787860.0,0.0,0.0,0.0,2787860.0,0.0,2787860.0,0
2021-02-09,1620.0,1620.0,1620.0,1620.0,1677.0,0.0,0.0,2787860.0,0.0,0.0,0.0,2787860.0,0.0,2787860.0,0
2021-02-10,1620.0,1620.0,1620.0,1620.0,1677.0,0.0,0.0,2787860.0,0.0,0.0,0.0,2787860.0,0.0,2787860.0,0
2021-02-15,1620.0,1620.0,1620.0,1620.0,1677.0,0.0,0.0,2787860.0,0.0,0.0,0.0,2787860.0,0.0,2787860.0,0
2021-02-16,1620.0,1620.0,1620.0,1620.0,1677.0,0.0,0.0,2787860.0,0.0,0.0,0.0,2787860.0,0.0,2787860.0,0
2021-02-17,1620.0,1620.0,1620.0,1620.0,1677.0,0.0,0.0,2787860.0,0.0,0.0,0.0,2787860.0,0.0,2787860.0,0
2021-02-18,1620.0,1620.0,1620.0,1620.0,1677.0,0.0,0.0,2787860.0,0.0,0.0,0.0,2787860.0,0.0,2787860.0,0
2021-02-19,1620.0,1620.0,1620.0,1620.0,1677.0,0.0,0.0,2787860.0,0.0,0.0,0.0,2787860.0,0.0,2787860.0,0
2021-02-22,1620.0,1620.0,1620.0,1620.0,1677.0,0.0,0.0,2787860.0,0.0,0.0,0.0,2787860.0,0.0,2787860.0,0
2021-02-23,1620.0,1620.0,1620.0,1620.0,1677.0,0.0,0.0,2787860.0,0.0,0.0,0.0,2787860.0,0.0,2787860.0,0
2021-02-24,1620.0,1620.0,1620.0,1620.0,1677.0,0.0,0.0,2787860.0,0.0,0.0,0.0,2787860.0,0.0,2787860.0,0
2021-02-25,1620.0,1620.0,1620.0,1620.0,1677.0,0.0,0.0,2787860.0,0.0,0.0,0.0,2787860.0,0.0,2787860.0,0
2021-02-26,1620.0,1620.0,1620.0,1620.0,1677.0,0.0,0.0,2787860.0,0.0,0.0,0.0,2787860.0,0.0,2787860.0,0
2021-03-02,1620.0,1620.0,1620.0,1620.0,1677.0,0.0,0.0,2787860.0,0.0,0.0,0.0,2787860.0,0.0,2787860.0,0
2021-03-03,1620.0,1620.0,1620.0,1620.0,1677.0,0.0,0.0,2787860.0,0.0,0.0,0.0,2787860.0,0.0,2787860.0,0
2021-03-04,1620.0,1620.0,1620.0,1620.0,1677.0,0.0,0.0,2787860.0,0.0,0.0,0.0,2787860.0,0.0,2787860.0,0
2021-03-05,1620.0,1620.0,1620.0,1620.0,1677.0,0.0,0.0,2787860.0,0.0,0.0,0.0,2787860.0,0.0,2787860.0,0
2021-03-08,1620.0,1620.0,1620.0,1620.0,1677.0,0.0,0.0,2787860.0,0.0,0.0,0.0,2787860.0,0.0,2787860.0,0
2021-03-09,1620.0,1620.0,1620.0,1620.0,1677.0,0.0,0.0,2787860.0,0.0,0.0,0.0,2787860.0,0.0,2787860.0,0
2021-03-10,1620.0,1620.0,1620.0,1620.0,1677.0,0.0,0.0,2787860.0,0.0,0.0,0.0,2787860.0,0.0,2787860.0,0
2021-03-11,1620.0,1620.0,1620.0,1620.0,1677.0,0.0,0.0,2787860.0,0.0,0.0,0.0,2787860.0,0.0,2787860.0,0
2021-03-12,1620.0,1620.0,1620.0,1620.0,1677.0,0.0,0.0,2787860.0,0.0,0.0,0.0,2787860.0,0.0,2787860.0,0
2021-03-15,1620.0,1620.0,1620.0,1620.0,1677.0,0.0,0.0,2787860.0,0.0,0.0,0.0,2787860.0,0.0,2787860.0,0
2021-03-16,1620.0,1620.0,1620.0,1620.0,1677.0,0.0,0.0,2787860.0,0.0,0.0,0.0,2787860.0,0.0,2787860.0,0
2021-03-17,1620.0,1620.0,1620.0,1620.0,1677.0,0.0,0.0,2787860.0,0.0,0.0,0.0,2787860.0,0.0,2787860.0,0
2021-03-18,1620.0,1620.0,1620.0,1620.0,1677.0,0.0,0.0,2787860.0,0.0,0.0,0.0,2787860.0,0.0,2787860.0,0
2021-03-19,1620.0,1620.0,1620.0,1620.0,1677.0,0.0,0.0,2787860.0,0.0,0.0,0.0,2787860.0,0.0,2787860.0,0
2021-03-22,1620.0,1620.0,1620.0,1620.0,1677.0,0.0,0.0,2787860.0,0.0,0.0,0.0,2787860.0,0.0,2787860.0,0
2021-03-23,1620.0,1620.0,1620.0,1620.0,1677.0,0.0,0.0,2787860.0,0.0,0.0,0.0,2787860.0,0.0,2787860.0,0
2021-03-24,1620.0,1620.0,1620.0,1620.0,1677.0,0.0,0.0,2787860.0,0.0,0.0,0.0,2787860.0,0.0,2787860.0,0
2021-03-25,1620.0,1620.0,1620.0,1620.0,1677.0,0.0,0.0,2787860.0,0.0,0.0,0.0,2787860.0,0.0,2787860.0,0
2021-03-26,1620.0,1620.0,1620.0,1620.0,1677.0,0.0,0.0,2787860.0,0.0,0.0,0.0,2787860.0,0.0,2787860.0,0
2021-03-29,1620.0,1620.0,1620.0,1620.0,1677.0,0.0,0.0,2787860.0,0.0,0.0,0.0,2787860.0,0.0,2787860.0,0
2021-03-30,1620.0,1620.0,1620.0,1620.0,1677.0,0.0,0.0,2787860.0,0.0,0.0,0.0,2787860.0,0.0,2787860.0,0
2021-03-31,1620.0,1620.0,1620.0,1620.0,1677.0,0.0,0.0,2787860.0,0.0,0.0,0.0,2787860.0,0.0,2787860.0,0
2021-04-01,1620.0,1620.0,1620.0,1620.0,1677.0,0.0,0.0,2787860.0,0.0,0.0,0.0,2787860.0,0.0,2787860.0,0
2021-04-02,1620.0,1620.0,1620.0,1620.0,1677.0,0.0,0.0,2787860.0,0.0,0.0,0.0,2787860.0,0.0,2787860.0,0
2021-04-05,1620.0,1620.0,1620.0,1620.0,1677.0,0.0,0.0,2787860.0,0.0,0.0,0.0,2787860.0,0.0,2787860.0,0
2021-04-06,1620.0,1620.0,1620.0,1620.0,1677.0,0.0,0.0,2787860.0,0.0,0.0,0.0,2787860.0,0.0,2787860.0,0
2021-04-07,1620.0,1620.0,1620.0,1620.0,1677.0,0.0,0.0,2787860.0,0.0,0.0,0.0,2787860.0,0.0,2787860.0,0
2021-04-08,1620.0,1620.0,1620.0,1620.0,1677.0,0.0,0.0,2787860.0,0.0,0.0,0.0,2787860.0,0.0,2787860.0,0
2021-04-09,1620.0,1620.0,1620.0,1620.0,1677.0,0.0,0.0,2787860.0,0.0,0.0,0.0,2787860.0,0.0,2787860.0,0
2021-04-12,1620.0,1620.0,1620.0,1620.0,1677.0,0.0,0.0,2787860.0,0.0,0.0,0.0,2787860.0,0.0,2787860.0,0
2021-04-13,1620.0,1620.0,1620.0,1620.0,1677.0,0.0,0.0,2787860.0,0.0,0.0,0.0,2787860.0,0.0,2787860.0,0
2021-04-14,1620.0,1620.0,1620.0,1620.0,1677.0,0.0,0.0,2787860.0,0.0,0.0,0.0,2787860.0,0.0,2787860.0,0
2021-04-15,1620.0,1620.0,1620.0,1620.0,1677.0,0.0,0.0,2787860.0,0.0,0.0,0.0,2787860.0,0.0,2787860.0,0
2021-04-16,1620.0,1620.0,1620.0,1620.0,1677.0,0.0,0.0,2787860.0,0.0,0.0,0.0,2787860.0,0.0,2787860.0,0
2021-04-19,1620.0,1620.0,1620.0,1620.0,1677.0,0.0,0.0,2787860.0,0.0,0.0,0.0,2787860.0,0.0,2787860.0,0
2021-04-20,1620.0,1620.0,1620.0,1620.0,1677.0,0.0,0.0,2787860.0,0.0,0.0,0.0,2787860.0,0.0,2787860.0,0
2021-04-21,1620.0,1620.0,1620.0,1620.0,1677.0,0.0,0.0,2787860.0,0.0,0.0,0.0,2787860.0,0.0,2787860.0,0
2021-04-22,1620.0,1620.0,1620.0,1620.0,1677.0,0.0,0.0,2787860.0,0.0,0.0,0.0,2787860.0,0.0,2787860.0,0
2021-04-23,1620.0,1620.0,1620.0,1620.0,1677.0,0.0,0.0,2787860.0,0.0,0.0,0.0,2787860.0,0.0,2787860.0,0
2021-04-26,1620.0,1620.0,1620.0,1620.0,1677.0,0.0,0.0,2787860.0,0.0,0.0,0.0,2787860.0,0.0,2787860.0,0
2021-04-27,1620.0,1620.0,1620.0,1620.0,1677.0,0.0,0.0,2787860.0,0.0,0.0,0.0,2787860.0,0.0,2787860.0,0
2021-04-28,1620.0,1620.0,1620.0,1620.0,1677.0,0.0,0.0,2787860.0,0.0,0.0,0.0,2787860.0,0.0,2787860.0,0
2021-04-29,1620.0,1620.0,1620.0,1620.0,1677.0,0.0,0.0,2787860.0,0.0,0.0,0.0,2787860.0,0.0,2787860.0,0
2021-04-30,1620.0,1620.0,1620.0,1620.0,1677.0,0.0,0.0,2787860.0,0.0,0.0,0.0,2787860.0,0.0,2787860.0,0
2021-05-03,1620.0,1620.0,1620.0,1620.0,1677.0,0.0,0.0,2787860.0,0.0,0.0,0.0,2787860.0,0.0,2787860.0,0
2021-05-04,1620.0,1620.0,1620.0,1620.0,1677.0,0.0,0.0,2787860.0,0.0,0.0,0.0,2787860.0,0.0,2787860.0,0
2021-05-06,1620.0,1620.0,1620.0,1620.0,1677.0,0.0,0.0,2787860.0,0.0,0.0,0.0,2787860.0,0.0,2787860.0,0
2021-05-07,1620.0,1620.0,1620.0,1620.0,1677.0,0.0,0.0,2787860.0,0.0,0.0,0.0,2787860.0,0.0,2787860.0,0
2021-05-10,1620.0,1620.0,1620.0,1620.0,1677.0,0.0,0.0,2787860.0,0.0,0.0,0.0,2787860.0,0.0,2787860.0,0
2021-05-11,1620.0,1620.0,1620.0,1620.0,1677.0,0.0,0.0,2787860.0,0.0,0.0,0.0,2787860.0,0.0,2787860.0,0
2021-05-12,1620.0,1620.0,1620.0,1620.0,1677.0,0.0,0.0,2787860.0,0.0,0.0,0.0,2787860.0,0.0,2787860.0,0
2021-05-13,1620.0,1620.0,1620.0,1620.0,1677.0,0.0,0.0,2787860.0,0.0,0.0,0.0,2787860.0,0.0,2787860.0,0
2021-05-14,1620.0,1620.0,1620.0,1620.0,1677.0,0.0,0.0,2787860.0,0.0,0.0,0.0,2787860.0,0.0,2787860.0,0
2021-05-17,1620.0,1620.0,1620.0,1620.0,1677.0,0.0,0.0,2787860.0,0.0,0.0,0.0,2787860.0,0.0,2787860.0,0
2021-05-18,1620.0,1620.0,1620.0,1620.0,1677.0,0.0,0.0,2787860.0,0.0,0.0,0.0,2787860.0,0.0,2787860.0,0
2021-05-20,1620.0,1620.0,1620.0,1620.0,1677.0,0.0,0.0,2787860.0,0.0,0.0,0.0,2787860.0,0.0,2787860.0,0
2021-05-21,1620.0,1620.0,1620.0,1620.0,1677.0,0.0,0.0,2787860.0,0.0,0.0,0.0,2787860.0,0.0,2787860.0,0
2021-05-24,1620.0,1620.0,1620.0,1620.0,1677.0,0.0,0.0,2787860.0,0.0,0.0,0.0,2787860.0,0.0,2787860.0,0
2021-05-25,1620.0,1620.0,1620.0,1620.0,1677.0,0.0,0.0,2787860.0,0.0,0.0,0.0,2787860.0,0.0,2787860.0,0
2021-05-26,1620.0,1620.0,1620.0,1620.0,1677.0,0.0,0.0,2787860.0,0.0,0.0,0.0,2787860.0,0.0,2787860.0,0
2021-05-27,1620.0,1620.0,1620.0,1620.0,1677.0,0.0,0.0,2787860.0,0.0,0.0,0.0,2787860.0,0.0,2787860.0,0
2021-05-28,1620.0,1620.0,1620.0,1620.0,1677.0,0.0,0.0,2787860.0,0.0,0.0,0.0,2787860.0,0.0,2787860.0,0
2021-05-31,1620.0,1620.0,1620.0,1620.0,1677.0,0.0,0.0,2787860.0,0.0,0.0,0.0,2787860.0,0.0,2787860.0,0
2021-06-01,1620.0,1620.0,1620.0,1620.0,1677.0,0.0,0.0,2787860.0,0.0,0.0,0.0,2787860.0,0.0,2787860.0,0
2021-06-02,1620.0,1620.0,1620.0,1620.0,1677.0,0.0,0.0,2787860.0,0.0,0.0,0.0,2787860.0,0.0,2787860.0,0
2021-06-03,1620.0,1620.0,1620.0,1620.0,1677.0,0.0,0.0,2787860.0,0.0,0.0,0.0,2787860.0,0.0,2787860.0,0
2021-06-04,1620.0,1620.0,1620.0,1620.0,1677.0,0.0,0.0,2787860.0,0.0,0.0,0.0,2787860.0,0.0,2787860.0,0
2021-06-07,1620.0,1620.0,1620.0,1620.0,1677.0,0.0,0.0,2787860.0,0.0,0.0,0.0,2787860.0,0.0,2787860.0,0
2021-06-08,1620.0,1620.0,1620.0,1620.0,1677.0,0.0,0.0,2787860.0,0.0,0.0,0.0,2787860.0,0.0,2787860.0,0
2021-06-09,1620.0,1620.0,1620.0,1620.0,1677.0,0.0,0.0,2787860.0,0.0,0.0,0.0,2787860.0,0.0,2787860.0,0
2021-06-10,1620.0,1620.0,1620.0,1620.0,1677.0,0.0,0.0,2787860.0,0.0,0.0,0.0,2787860.0,0.0,2787860.0,0
2021-06-11,1620.0,1620.0,1620.0,1620.0,1677.0,0.0,0.0,2787860.0,0.0,0.0,0.0,2787860.0,0.0,2787860.0,0
2021-06-14,1620.0,1620.0,1620.0,1620.0,1677.0,0.0,0.0,2787860.0,0.0,0.0,0.0,2787860.0,0.0,2787860.0,0
2021-06-15,1620.0,1620.0,1620.0,1620.0,1677.0,0.0,0.0,2787860.0,0.0,0.0,0.0,2787860.0,0.0,2787860.0,0
2021-06-16,1620.0,1620.0,1620.0,1620.0,1677.0,0.0,0.0,2787860.0,0.0,0.0,0.0,2787860.0,0.0,2787860.0,0
2021-06-17,1620.0,1620.0,1620.0,1620.0,1677.0,0.0,0.0,2787860.0,0.0,0.0,0.0,2787860.0,0.0,2787860.0,0
2021-06-18,1620.0,1620.0,1620.0,1620.0,1677.0,0.0,0.0,2787860.0,0.0,0.0,0.0,2787860.0,0.0,2787860.0,0
2021-06-21,1620.0,1620.0,1620.0,1620.0,1677.0,0.0,0.0,2787860.0,0.0,0.0,0.0,2787860.0,0.0,2787860.0,0
2021-06-22,1620.0,1620.0,1620.0,1620.0,1677.0,0.0,0.0,2787860.0,0.0,0.0,0.0,2787860.0,0.0,2787860.0,0
2021-06-23,1620.0,1620.0,1620.0,1620.0,1677.0,0.0,0.0,2787860.0,0.0,0.0,0.0,2787860.0,0.0,2787860.0,0
2021-06-24,1620.0,1620.0,1620.0,1620.0,1677.0,0.0,0.0,2787860.0,0.0,0.0,0.0,2787860.0,0.0,2787860.0,0
2021-06-25,1620.0,1620.0,1620.0,1620.0,1677.0,0.0,0.0,2787860.0,0.0,0.0,0.0,2787860.0,0.0,2787860.0,0
2021-06-28,1620.0,1620.0,1620.0,1620.0,1677.0,0.0,0.0,2787860.0,0.0,0.0,0.0,2787860.0,0.0,2787860.0,0
2021-06-29,1620.0,1620.0,1620.0,1620.0,1677.0,0.0,0.0,2787860.0,0.0,0.0,0.0,2787860.0,0.0,2787860.0,0
2021-06-30,1620.0,1620.0,1620.0,1620.0,1677.0,0.0,0.0,2787860.0,0.0,0.0,0.0,2787860.0,0.0,2787860.0,0
2021-07-01,1620.0,1620.0,1620.0,1620.0,1677.0,0.0,0.0,2787860.0,0.0,0.0,0.0,2787860.0,0.0,2787860.0,0
2021-07-02,1620.0,1620.0,1620.0,1620.0,1677.0,0.0,0.0,2787860.0,0.0,0.0,0.0,2787860.0,0.0,2787860.0,0
2021-07-05,1620.0,1620.0,1620.0,1620.0,1677.0,0.0,0.0,2787860.0,0.0,0.0,0.0,2787860.0,0.0,2787860.0,0
2021-07-06,1620.0,1620.0,1620.0,1620.0,1677.0,0.0,0.0,2787860.0,0.0,0.0,0.0,2787860.0,0.0,2787860.0,0
2021-07-07,1620.0,1620.0,1620.0,1620.0,1677.0,0.0,0.0,2787860.0,0.0,0.0,0.0,2787860.0,0.0,2787860.0,0
2021-07-08,1620.0,1620.0,1620.0,1620.0,1677.0,0.0,0.0,2787860.0,0.0,0.0,0.0,2787860.0,0.0,2787860.0,0
2021-07-09,1620.0,1620.0,1620.0,1620.0,1677.0,0.0,0.0,2787860.0,0.0,0.0,0.0,2787860.0,0.0,2787860.0,0
2021-07-12,1620.0,1620.0,1620.0,1620.0,1677.0,0.0,0.0,2787860.0,0.0,0.0,0.0,2787860.0,0.0,2787860.0,0
2021-07-13,1620.0,1620.0,1620.0,1620.0,1677.0,0.0,0.0,2787860.0,0.0,0.0,0.0,2787860.0,0.0,2787860.0,0
2021-07-14,1620.0,1620.0,1620.0,1620.0,1677.0,0.0,0.0,2787860.0,0.0,0.0,0.0,2787860.0,0.0,2787860.0,0
2021-07-15,1620.0,1620.0,1620.0,1620.0,1677.0,0.0,0.0,2787860.0,0.0,0.0,0.0,2787860.0,0.0,2787860.0,0
2021-07-16,1620.0,1620.0,1620.0,1620.0,1677.0,0.0,0.0,2787860.0,0.0,0.0,0.0,2787860.0,0.0,2787860.0,0
2021-07-19,1620.0,1620.0,1620.0,1620.0,1677.0,0.0,0.0,2787860.0,0.0,0.0,0.0,2787860.0,0.0,2787860.0,0
2021-07-20,1620.0,1620.0,1620.0,1620.0,1677.0,0.0,0.0,2787860.0,0.0,0.0,0.0,2787860.0,0.0,2787860.0,0
2021-07-21,1620.0,1620.0,1620.0,1620.0,1677.0,0.0,0.0,2787860.0,0.0,0.0,0.0,2787860.0,0.0,2787860.0,0
2021-07-22,1620.0,1620.0,1620.0,1620.0,1677.0,0.0,0.0,2787860.0,0.0,0.0,0.0,2787860.0,0.0,2787860.0,0
2021-07-23,1620.0,1620.0,1620.0,1620.0,1677.0,0.0,0.0,2787860.0,0.0,0.0,0.0,2787860.0,0.0,2787860.0,0
2021-07-26,1620.0,1620.0,1620.0,1620.0,1677.0,0.0,0.0,2787860.0,0.0,0.0,0.0,2787860.0,0.0,2787860.0,0
2021-07-27,1620.0,1620.0,1620.0,1620.0,1677.0,0.0,0.0,2787860.0,0.0,0.0,0.0,2787860.0,0.0,2787860.0,0
2021-07-28,1620.0,1620.0,1620.0,1620.0,1677.0,0.0,0.0,2787860.0,0.0,0.0,0.0,2787860.0,0.0,2787860.0,0
2021-07-29,1620.0,1620.0,1620.0,1620.0,1677.0,0.0,0.0,2787860.0,0.0,0.0,0.0,2787860.0,0.0,2787860.0,0
2021-07-30,1620.0,1620.0,1620.0,1620.0,1677.0,0.0,0.0,2787860.0,0.0,0.0,0.0,2787860.0,0.0,2787860.0,0
2021-08-02,1620.0,1620.0,1620.0,1620.0,1677.0,0.0,0.0,2787860.0,0.0,0.0,0.0,2787860.0,0.0,2787860.0,0
2021-08-03,1620.0,1620.0,1620.0,1620.0,1677.0,0.0,0.0,2787860.0,0.0,0.0,0.0,2787860.0,0.0,2787860.0,0
2021-08-04,1620.0,1620.0,1620.0,1620.0,1677.0,0.0,0.0,2787860.0,0.0,0.0,0.0,2787860.0,0.0,2787860.0,0
2021-08-05,1620.0,1620.0,1620.0,1620.0,1677.0,0.0,0.0,2787860.0,0.0,0.0,0.0,2787860.0,0.0,2787860.0,0
2021-08-06,1620.0,1620.0,1620.0,1620.0,1677.0,0.0,0.0,2787860.0,0.0,0.0,0.0,2787860.0,0.0,2787860.0,0
2021-08-09,1620.0,1620.0,1620.0,1620.0,1677.0,0.0,0.0,2787860.0,0.0,0.0,0.0,2787860.0,0.0,2787860.0,0
2021-08-10,1620.0,1620.0,1620.0,1620.0,1677.0,0.0,0.0,2787860.0,0.0,0.0,0.0,2787860.0,0.0,2787860.0,0
2021-08-11,1620.0,1620.0,1620.0,1620.0,1677.0,0.0,0.0,2787860.0,0.0,0.0,0.0,2787860.0,0.0,2787860.0,0
2021-08-12,1620.0,1620.0,1620.0,1620.0,1677.0,0.0,0.0,2787860.0,0.0,0.0,0.0,2787860.0,0.0,2787860.0,0
2021-08-13,1620.0,1620.0,1620.0,1620.0,1677.0,0.0,0.0,2787860.0,0.0,0.0,0.0,2787860.0,0.0,2787860.0,0
2021-08-17,1620.0,1620.0,1620.0,1620.0,1677.0,0.0,0.0,2787860.0,0.0,0.0,0.0,2787860.0,0.0,2787860.0,0
2021-08-18,1620.0,1620.0,1620.0,1620.0,1677.0,0.0,0.0,2787860.0,0.0,0.0,0.0,2787860.0,0.0,2787860.0,0
2021-08-19,1620.0,1620.0,1620.0,1620.0,1677.0,0.0,0.0,2787860.0,0.0,0.0,0.0,2787860.0,0.0,2787860.0,0
2021-08-20,1620.0,1620.0,1620.0,1620.0,1677.0,0.0,0.0,2787860.0,0.0,0.0,0.0,2787860.0,0.0,2787860.0,0
2021-08-23,1620.0,1620.0,1620.0,1620.0,1677.0,0.0,0.0,2787860.0,0.0,0.0,0.0,2787860.0,0.0,2787860.0,0
2021-08-24,1620.0,1620.0,1620.0,1620.0,1677.0,0.0,0.0,2787860.0,0.0,0.0,0.0,2787860.0,0.0,2787860.0,0
2021-08-25,1620.0,1620.0,1620.0,1620.0,1677.0,0.0,0.0,2787860.0,0.0,0.0,0.0,2787860.0,0.0,2787860.0,0
2021-08-26,1620.0,1620.0,1620.0,1620.0,1677.0,0.0,0.0,2787860.0,0.0,0.0,0.0,2787860.0,0.0,2787860.0,0
2021-08-27,1620.0,1620.0,1620.0,1620.0,1677.0,0.0,0.0,2787860.0,0.0,0.0,0.0,2787860.0,0.0,2787860.0,0
2021-08-30,1620.0,1620.0,1620.0,1620.0,1677.0,0.0,0.0,2787860.0,0.0,0.0,0.0,2787860.0,0.0,2787860.0,0
2021-08-31,1620.0,1620.0,1620.0,1620.0,1677.0,0.0,0.0,2787860.0,0.0,0.0,0.0,2787860.0,0.0,2787860.0,0
2021-09-01,1620.0,1620.0,1620.0,1620.0,1677.0,0.0,0.0,2787860.0,0.0,0.0,0.0,2787860.0,0.0,2787860.0,0
2021-09-02,1620.0,1620.0,1620.0,1620.0,1677.0,0.0,0.0,2787860.0,0.0,0.0,0.0,2787860.0,0.0,2787860.0,0
2021-09-03,1620.0,1620.0,1620.0,1620.0,1677.0,0.0,0.0,2787860.0,0.0,0.0,0.0,2787860.0,0.0,2787860.0,0
2021-09-06,1620.0,1620.0,1620.0,1620.0,1677.0,0.0,0.0,2787860.0,0.0,0.0,0.0,2787860.0,0.0,2787860.0,0
2021-09-07,1620.0,1620.0,1620.0,1620.0,1677.0,0.0,0.0,2787860.0,0.0,0.0,0.0,2787860.0,0.0,2787860.0,0
2021-09-08,1620.0,1620.0,1620.0,1620.0,1677.0,0.0,0.0,2787860.0,0.0,0.0,0.0,2787860.0,0.0,2787860.0,0
2021-09-09,1620.0,1620.0,1620.0,1620.0,1677.0,0.0,0.0,2787860.0,0.0,0.0,0.0,2787860.0,0.0,2787860.0,0
2021-09-10,1620.0,1620.0,1620.0,1620.0,1677.0,0.0,0.0,2787860.0,0.0,0.0,0.0,2787860.0,0.0,2787860.0,0
2021-09-13,1620.0,1620.0,1620.0,1620.0,1677.0,0.0,0.0,2787860.0,0.0,0.0,0.0,2787860.0,0.0,2787860.0,0
2021-09-14,1620.0,1620.0,1620.0,1620.0,1677.0,0.0,0.0,2787860.0,0.0,0.0,0.0,2787860.0,0.0,2787860.0,0
2021-09-15,1620.0,1620.0,1620.0,1620.0,1677.0,0.0,0.0,2787860.0,0.0,0.0,0.0,2787860.0,0.0,2787860.0,0
2021-09-16,1620.0,1620.0,1620.0,1620.0,1677.0,0.0,0.0,2787860.0,0.0,0.0,0.0,2787860.0,0.0,2787860.0,0
2021-09-17,1620.0,1620.0,1620.0,1620.0,1677.0,0.0,0.0,2787860.0,0.0,0.0,0.0,2787860.0,0.0,2787860.0,0
2021-09-23,1620.0,1620.0,1620.0,1620.0,1677.0,0.0,0.0,2787860.0,0.0,0.0,0.0,2787860.0,0.0,2787860.0,0
2021-09-24,1620.0,1620.0,1620.0,1620.0,1677.0,0.0,0.0,2787860.0,0.0,0.0,0.0,2787860.0,0.0,2787860.0,0
2021-09-27,1620.0,1620.0,1620.0,1620.0,1677.0,0.0,0.0,2787860.0,0.0,0.0,0.0,2787860.0,0.0,2787860.0,0
2021-09-28,1620.0,1620.0,1620.0,1620.0,1677.0,0.0,0.0,2787860.0,0.0,0.0,0.0,2787860.0,0.0,2787860.0,0
2021-09-29,1620.0,1620.0,1620.0,1620.0,1677.0,0.0,0.0,2787860.0,0.0,0.0,0.0,2787860.0,0.0,2787860.0,0
2021-09-30,1620.0,1620.0,1620.0,1620.0,1677.0,0.0,0.0,2787860.0,0.0,0.0,0.0,2787860.0,0.0,2787860.0,0
2021-10-01,1620.0,1620.0,1620.0,1620.0,1677.0,0.0,0.0,2787860.0,0.0,0.0,0.0,2787860.0,0.0,2787860.0,0
2021-10-05,1620.0,1620.0,1620.0,1620.0,1677.0,0.0,0.0,2787860.0,0.0,0.0,0.0,2787860.0,0.0,2787860.0,0
2021-10-06,1620.0,1620.0,1620.0,1620.0,1677.0,0.0,0.0,2787860.0,0.0,0.0,0.0,2787860.0,0.0,2787860.0,0
2021-10-07,1620.0,1620.0,1620.0,1620.0,1677.0,0.0,0.0,2787860.0,0.0,0.0,0.0,2787860.0,0.0,2787860.0,0
2021-10-08,1620.0,1620.0,1620.0,1620.0,1677.0,0.0,0.0,2787860.0,0.0,0.0,0.0,2787860.0,0.0,2787860.0,0
2021-10-12,1620.0,1620.0,1620.0,1620.0,1677.0,0.0,0.0,2787860.0,0.0,0.0,0.0,2787860.0,0.0,2787860.0,0
2021-10-13,1620.0,1620.0,1620.0,1620.0,1677.0,0.0,0.0,2787860.0,0.0,0.0,0.0,2787860.0,0.0,2787860.0,0
2021-10-14,1620.0,1620.0,1620.0,1620.0,1677.0,0.0,0.0,2787860.0,0.0,0.0,0.0,2787860.0,0.0,2787860.0,0
2021-10-15,1620.0,1620.0,1620.0,1620.0,1677.0,0.0,0.0,2787860.0,0.0,0.0,0.0,2787860.0,0.0,2787860.0,0
2021-10-18,1620.0,1620.0,1620.0,1620.0,1677.0,0.0,0.0,2787860.0,0.0,0.0,0.0,2787860.0,0.0,2787860.0,0
2021-10-19,1620.0,1620.0,1620.0,1620.0,1677.0,0.0,0.0,2787860.0,0.0,0.0,0.0,2787860.0,0.0,2787860.0,0
2021-10-20,1620.0,1620.0,1620.0,1620.0,1677.0,0.0,0.0,2787860.0,0.0,0.0,0.0,2787860.0,0.0,2787860.0,0
2021-10-21,1620.0,1620.0,1620.0,1620.0,1677.0,0.0,0.0,2787860.0,0.0,0.0,0.0,2787860.0,0.0,2787860.0,0
2021-10-22,1620.0,1620.0,1620.0,1620.0,1677.0,0.0,0.0,2787860.0,0.0,0.0,0.0,2787860.0,0.0,2787860.0,0
2021-10-25,1620.0,1620.0,1620.0,1620.0,1677.0,0.0,0.0,2787860.0,0.0,0.0,0.0,2787860.0,0.0,2787860.0,0
2021-10-26,1620.0,1620.0,1620.0,1620.0,1677.0,0.0,0.0,2787860.0,0.0,0.0,0.0,2787860.0,0.0,2787860.0,0
2021-10-27,1620.0,1620.0,1620.0,1620.0,1677.0,0.0,0.0,2787860.0,0.0,0.0,0.0,2787860.0,0.0,2787860.0,0
2021-10-28,1620.0,1620.0,1620.0,1620.0,1677.0,0.0,0.0,2787860.0,0.0,0.0,0.0,2787860.0,0.0,2787860.0,0
2021-10-29,1620.0,1620.0,1620.0,1620.0,1677.0,0.0,0.0,2787860.0,0.0,0.0,0.0,2787860.0,0.0,2787860.0,0
2021-11-01,1620.0,1620.0,1620.0,1620.0,1677.0,0.0,0.0,2787860.0,0.0,0.0,0.0,2787860.0,0.0,2787860.0,0
2021-11-02,1620.0,1620.0,1620.0,1620.0,1677.0,0.0,0.0,2787860.0,0.0,0.0,0.0,2787860.0,0.0,2787860.0,0
2021-11-03,1620.0,1620.0,1620.0,1620.0,1677.0,0.0,0.0,2787860.0,0.0,0.0,0.0,2787860.0,0.0,2787860.0,0
2021-11-04,1620.0,1620.0,1620.0,1620.0,1677.0,0.0,0.0,2787860.0,0.0,0.0,0.0,2787860.0,0.0,2787860.0,0
2021-11-05,1620.0,1620.0,1620.0,1620.0,1677.0,0.0,0.0,2787860.0,0.0,0.0,0.0,2787860.0,0.0,2787860.0,0
2021-11-08,1620.0,1620.0,1620.0,1620.0,1677.0,0.0,0.0,2787860.0,0.0,0.0,0.0,2787860.0,0.0,2787860.0,0
2021-11-09,1620.0,1620.0,1620.0,1620.0,1677.0,0.0,0.0,2787860.0,0.0,0.0,0.0,2787860.0,0.0,2787860.0,0
2021-11-10,1620.0,1620.0,1620.0,1620.0,1677.0,0.0,0.0,2787860.0,0.0,0.0,0.0,2787860.0,0.0,2787860.0,0
2021-11-11,1620.0,1620.0,1620.0,1620.0,1677.0,0.0,0.0,2787860.0,0.0,0.0,0.0,2787860.0,0.0,2787860.0,0
2021-11-12,1620.0,1620.0,1620.0,1620.0,1677.0,0.0,0.0,2787860.0,0.0,0.0,0.0,2787860.0,0.0,2787860.0,0
2021-11-15,1620.0,1620.0,1620.0,1620.0,1677.0,0.0,0.0,2787860.0,0.0,0.0,0.0,2787860.0,0.0,2787860.0,0
2021-11-16,1620.0,1620.0,1620.0,1620.0,1677.0,0.0,0.0,2787860.0,0.0,0.0,0.0,2787860.0,0.0,2787860.0,0
2021-11-17,1620.0,1620.0,1620.0,1620.0,1677.0,0.0,0.0,2787860.0,0.0,0.0,0.0,2787860.0,0.0,2787860.0,0
2021-11-18,1620.0,1620.0,1620.0,1620.0,1677.0,0.0,0.0,2787860.0,0.0,0.0,0.0,2787860.0,0.0,2787860.0,0
2021-11-19,1620.0,1620.0,1620.0,1620.0,1677.0,0.0,0.0,2787860.0,0.0,0.0,0.0,2787860.0,0.0,2787860.0,0
2021-11-22,1620.0,1620.0,1620.0,1620.0,1677.0,0.0,0.0,2787860.0,0.0,0.0,0.0,2787860.0,0.0,2787860.0,0
2021-11-23,1620.0,1620.0,1620.0,1620.0,1677.0,0.0,0.0,2787860.0,0.0,0.0,0.0,2787860.0,0.0,2787860.0,0
2021-11-24,1620.0,1620.0,1620.0,1620.0,1677.0,0.0,0.0,2787860.0,0.0,0.0,0.0,2787860.0,0.0,2787860.0,0
2021-11-25,1620.0,1620.0,1620.0,1620.0,1677.0,0.0,0.0,2787860.0,0.0,0.0,0.0,2787860.0,0.0,2787860.0,0
2021-11-26,1620.0,1620.0,1620.0,1620.0,1677.0,0.0,0.0,2787860.0,0.0,0.0,0.0,2787860.0,0.0,2787860.0,0
2021-11-29,1620.0,1620.0,1620.0,1620.0,1677.0,0.0,0.0,2787860.0,0.0,0.0,0.0,2787860.0,0.0,2787860.0,0
2021-11-30,1620.0,1620.0,1620.0,1620.0,1677.0,0.0,0.0,2787860.0,0.0,0.0,0.0,2787860.0,0.0,2787860.0,0
2021-12-01,1620.0,1620.0,1620.0,1620.0,1677.0,0.0,0.0,2787860.0,0.0,0.0,0.0,2787860.0,0.0,2787860.0,0
2021-12-02,1620.0,1620.0,1620.0,1620.0,1677.0,0.0,0.0,2787860.0,0.0,0.0,0.0,2787860.0,0.0,2787860.0,0
2021-12-03,1620.0,1620.0,1620.0,1620.0,1677.0,0.0,0.0,2787860.0,0.0,0.0,0.0,2787860.0,0.0,2787860.0,0
2021-12-06,1620.0,1620.0,1620.0,1620.0,1677.0,0.0,0.0,2787860.0,0.0,0.0,0.0,2787860.0,0.0,2787860.0,0
2021-12-07,1620.0,1620.0,1620.0,1620.0,1677.0,0.0,0.0,2787860.0,0.0,0.0,0.0,2787860.0,0.0,2787860.0,0
2021-12-08,1620.0,1620.0,1620.0,1620.0,1677.0,0.0,0.0,2787860.0,0.0,0.0,0.0,2787860.0,0.0,2787860.0,0
2021-12-09,1620.0,1620.0,1620.0,1620.0,1677.0,0.0,0.0,2787860.0,0.0,0.0,0.0,2787860.0,0.0,2787860.0,0
2021-12-10,1620.0,1620.0,1620.0,1620.0,1677.0,0.0,0.0,2787860.0,0.0,0.0,0.0,2787860.0,0.0,2787860.0,0
2021-12-13,1620.0,1620.0,1620.0,1620.0,1677.0,0.0,0.0,2787860.0,0.0,0.0,0.0,2787860.0,0.0,2787860.0,0
2021-12-14,1620.0,1620.0,1620.0,1620.0,1677.0,0.0,0.0,2787860.0,0.0,0.0,0.0,2787860.0,0.0,2787860.0,0
2021-12-15,1620.0,1620.0,1620.0,1620.0,1677.0,0.0,0.0,2787860.0,0.0,0.0,0.0,2787860.0,0.0,2787860.0,0
2021-12-16,1620.0,1620.0,1620.0,1620.0,1677.0,0.0,0.0,2787860.0,0.0,0.0,0.0,2787860.0,0.0,2787860.0,0
2021-12-17,1620.0,1620.0,1620.0,1620.0,1677.0,0.0,0.0,2787860.0,0.0,0.0,0.0,2787860.0,0.0,2787860.0,0
2021-12-20,1620.0,1620.0,1620.0,1620.0,1677.0,0.0,0.0,2787860.0,0.0,0.0,0.0,2787860.0,0.0,2787860.0,0
2021-12-21,1620.0,1620.0,1620.0,1620.0,1677.0,0.0,0.0,2787860.0,0.0,0.0,0.0,2787860.0,0.0,2787860.0,0
2021-12-22,1620.0,1620.0,1620.0,1620.0,1677.0,0.0,0.0,2787860.0,0.0,0.0,0.0,2787860.0,0.0,2787860.0,0
2021-12-23,1620.0,1620.0,1620.0,1620.0,1677.0,0.0,0.0,2787860.0,0.0,0.0,0.0,2787860.0,0.0,2787860.0,0
2021-12-24,1620.0,1620.0,1620.0,1620.0,1677.0,0.0,0.0,2787860.0,0.0,0.0,0.0,2787860.0,0.0,2787860.0,0
2021-12-27,1620.0,1620.0,1620.0,1620.0,1677.0,0.0,0.0,2787860.0,0.0,0.0,0.0,2787860.0,0.0,2787860.0,0
2021-12-28,1620.0,1620.0,1620.0,1620.0,1677.0,0.0,0.0,2787860.0,0.0,0.0,0.0,2787860.0,0.0,2787860.0,0
2021-12-29,1620.0,1620.0,1620.0,1620.0,1677.0,0.0,0.0,2787860.0,0.0,0.0,0.0,2787860.0,0.0,2787860.0,0
2021-12-30,1620.0,1620.0,1620.0,1620.0,1677.0,0.0,0.0,2787860.0,0.0,0.0,0.0,2787860.0,0.0,2787860.0,0
2022-01-03,1620.0,1620.0,1620.0,1620.0,1677.0,0.0,0.0,2787860.0,0.0,0.0,0.0,2787860.0,0.0,2787860.0,0
2022-01-04,1620.0,1620.0,1620.0,1620.0,1677.0,0.0,0.0,2787860.0,0.0,0.0,0.0,2787860.0,0.0,2787860.0,0
2022-01-05,1620.0,1620.0,1620.0,1620.0,1677.0,0.0,0.0,2787860.0,0.0,0.0,0.0,2787860.0,0.0,2787860.0,0
2022-01-06,1620.0,1620.0,1620.0,1620.0,1677.0,0.0,0.0,2787860.0,0.0,0.0,0.0,2787860.0,0.0,2787860.0,0
2022-01-07,1620.0,1620.0,1620.0,1620.0,1677.0,0.0,0.0,2787860.0,0.0,0.0,0.0,2787860.0,0.0,2787860.0,0
2022-01-10,1620.0,1620.0,1620.0,1620.0,1677.0,0.0,0.0,2787860.0,0.0,0.0,0.0,2787860.0,0.0,2787860.0,0
2022-01-11,1620.0,1620.0,1620.0,1620.0,1677.0,0.0,0.0,2787860.0,0.0,0.0,0.0,2787860.0,0.0,2787860.0,0
2022-01-12,1620.0,1620.0,1620.0,1620.0,1677.0,0.0,0.0,2787860.0,0.0,0.0,0.0,2787860.0,0.0,2787860.0,0
2022-01-13,1620.0,1620.0,1620.0,1620.0,1677.0,0.0,0.0,2787860.0,0.0,0.0,0.0,2787860.0,0.0,2787860.0,0
2022-01-14,1620.0,1620.0,1620.0,1620.0,1677.0,0.0,0.0,2787860.0,0.0,0.0,0.0,2787860.0,0.0,2787860.0,0
2022-01-17,1620.0,1620.0,1620.0,1620.0,1677.0,0.0,0.0,2787860.0,0.0,0.0,0.0,2787860.0,0.0,2787860.0,0
2022-01-18,1620.0,1620.0,1620.0,1620.0,1677.0,0.0,0.0,2787860.0,0.0,0.0,0.0,2787860.0,0.0,2787860.0,0
2022-01-19,1620.0,1620.0,1620.0,1620.0,1677.0,0.0,0.0,2787860.0,0.0,0.0,0.0,2787860.0,0.0,2787860.0,0
2022-01-20,1620.0,1620.0,1620.0,1620.0,1677.0,0.0,0.0,2787860.0,0.0,0.0,0.0,2787860.0,0.0,2787860.0,0
2022-01-21,1620.0,1620.0,1620.0,1620.0,1677.0,0.0,0.0,2787860.0,0.0,0.0,0.0,2787860.0,0.0,2787860.0,0
2022-01-24,1620.0,1620.0,1620.0,1620.0,1677.0,0.0,0.0,2787860.0,0.0,0.0,0.0,2787860.0,0.0,2787860.0,0
2022-01-25,1620.0,1620.0,1620.0,1620.0,1677.0,0.0,0.0,2787860.0,0.0,0.0,0.0,2787860.0,0.0,2787860.0,0
2022-01-26,1620.0,1620.0,1620.0,1620.0,1677.0,0.0,0.0,2787860.0,0.0,0.0,0.0,2787860.0,0.0,2787860.0,0
2022-01-27,1620.0,1620.0,1620.0,1620.0,1677.0,0.0,0.0,2787860.0,0.0,0.0,0.0,2787860.0,0.0,2787860.0,0
2022-01-28,1620.0,1620.0,1620.0,1620.0,1677.0,0.0,0.0,2787860.0,0.0,0.0,0.0,2787860.0,0.0,2787860.0,0
2022-02-03,1620.0,1620.0,1620.0,1620.0,1677.0,0.0,0.0,2787860.0,0.0,0.0,0.0,2787860.0,0.0,2787860.0,0
2022-02-04,1620.0,1620.0,1620.0,1620.0,1677.0,0.0,0.0,2787860.0,0.0,0.0,0.0,2787860.0,0.0,2787860.0,0
2022-02-07,1620.0,1620.0,1620.0,1620.0,1677.0,0.0,0.0,2787860.0,0.0,0.0,0.0,2787860.0,0.0,2787860.0,0
2022-02-08,1620.0,1620.0,1620.0,1620.0,1677.0,0.0,0.0,2787860.0,0.0,0.0,0.0,2787860.0,0.0,2787860.0,0
2022-02-09,1620.0,1620.0,1620.0,1620.0,1677.0,0.0,0.0,2787860.0,0.0,0.0,0.0,2787860.0,0.0,2787860.0,0
2022-02-10,1620.0,1620.0,1620.0,1620.0,1677.0,0.0,0.0,2787860.0,0.0,0.0,0.0,2787860.0,0.0,2787860.0,0
2022-02-11,1620.0,1620.0,1620.0,1620.0,1677.0,0.0,0.0,2787860.0,0.0,0.0,0.0,2787860.0,0.0,2787860.0,0
2022-02-14,1620.0,1620.0,1620.0,1620.0,1677.0,0.0,0.0,2787860.0,0.0,0.0,0.0,2787860.0,0.0,2787860.0,0
2022-02-15,1620.0,1620.0,1620.0,1620.0,1677.0,0.0,0.0,2787860.0,0.0,0.0,0.0,2787860.0,0.0,2787860.0,0
2022-02-16,1620.0,1620.0,1620.0,1620.0,1677.0,0.0,0.0,2787860.0,0.0,0.0,0.0,2787860.0,0.0,2787860.0,0
2022-02-17,1620.0,1620.0,1620.0,1620.0,1677.0,0.0,0.0,2787860.0,0.0,0.0,0.0,2787860.0,0.0,2787860.0,0
2022-02-18,1620.0,1620.0,1620.0,1620.0,1677.0,0.0,0.0,2787860.0,0.0,0.0,0.0,2787860.0,0.0,2787860.0,0
2022-02-21,1620.0,1620.0,1620.0,1620.0,1677.0,0.0,0.0,2787860.0,0.0,0.0,0.0,2787860.0,0.0,2787860.0,0
2022-02-22,1620.0,1620.0,1620.0,1620.0,1677.0,0.0,0.0,2787860.0,0.0,0.0,0.0,2787860.0,0.0,2787860.0,0
2022-02-23,1620.0,1620.0,1620.0,1620.0,1677.0,0.0,0.0,2787860.0,0.0,0.0,0.0,2787860.0,0.0,2787860.0,0
2022-02-24,1620.0,1620.0,1620.0,1620.0,1677.0,0.0,0.0,2787860.0,0.0,0.0,0.0,2787860.0,0.0,2787860.0,0
2022-02-25,1620.0,1620.0,1620.0,1620.0,1677.0,0.0,0.0,2787860.0,0.0,0.0,0.0,2787860.0,0.0,2787860.0,0
2022-02-28,1620.0,1620.0,1620.0,1620.0,1677.0,0.0,0.0,2787860.0,0.0,0.0,0.0,2787860.0,0.0,2787860.0,0
2022-03-02,1620.0,1620.0,1620.0,1620.0,1677.0,0.0,0.0,2787860.0,0.0,0.0,0.0,2787860.0,0.0,2787860.0,0
2022-03-03,1620.0,1620.0,1620.0,1620.0,1677.0,0.0,0.0,2787860.0,0.0,0.0,0.0,2787860.0,0.0,2787860.0,0
2022-03-04,1620.0,1620.0,1620.0,1620.0,1677.0,0.0,0.0,2787860.0,0.0,0.0,0.0,2787860.0,0.0,2787860.0,0
2022-03-07,1620.0,1620.0,1620.0,1620.0,1677.0,0.0,0.0,2787860.0,0.0,0.0,0.0,2787860.0,0.0,2787860.0,0
2022-03-08,1620.0,1620.0,1620.0,1620.0,1677.0,0.0,0.0,2787860.0,0.0,0.0,0.0,2787860.0,0.0,2787860.0,0
2022-03-10,1620.0,1620.0,1620.0,1620.0,1677.0,0.0,0.0,2787860.0,0.0,0.0,0.0,2787860.0,0.0,2787860.0,0
2022-03-11,1620.0,1620.0,1620.0,1620.0,1677.0,0.0,0.0,2787860.0,0.0,0.0,0.0,2787860.0,0.0,2787860.0,0
2022-03-14,1620.0,1620.0,1620.0,1620.0,1677.0,0.0,0.0,2787860.0,0.0,0.0,0.0,2787860.0,0.0,2787860.0,0
2022-03-15,1620.0,1620.0,1620.0,1620.0,1677.0,0.0,0.0,2787860.0,0.0,0.0,0.0,2787860.0,0.0,2787860.0,0
2022-03-16,1620.0,1620.0,1620.0,1620.0,1677.0,0.0,0.0,2787860.0,0.0,0.0,0.0,2787860.0,0.0,2787860.0,0
2022-03-17,1620.0,1620.0,1620.0,1620.0,1677.0,0.0,0.0,2787860.0,0.0,0.0,0.0,2787860.0,0.0,2787860.0,0
2022-03-18,1620.0,1620.0,1620.0,1620.0,1677.0,0.0,0.0,2787860.0,0.0,0.0,0.0,2787860.0,0.0,2787860.0,0
2022-03-21,1620.0,1620.0,1620.0,1620.0,1677.0,0.0,0.0,2787860.0,0.0,0.0,0.0,2787860.0,0.0,2787860.0,0
2022-03-22,1620.0,1620.0,1620.0,1620.0,1677.0,0.0,0.0,2787860.0,0.0,0.0,0.0,2787860.0,0.0,2787860.0,0
2022-03-23,1620.0,1620.0,1620.0,1620.0,1677.0,0.0,0.0,2787860.0,0.0,0.0,0.0,2787860.0,0.0,2787860.0,0
2022-03-24,1620.0,1620.0,1620.0,1620.0,1677.0,0.0,0.0,2787860.0,0.0,0.0,0.0,2787860.0,0.0,2787860.0,0
2022-03-25,1620.0,1620.0,1620.0,1620.0,1677.0,0.0,0.0,2787860.0,0.0,0.0,0.0,2787860.0,0.0,2787860.0,0
2022-03-28,1620.0,1620.0,1620.0,1620.0,1677.0,0.0,0.0,2787860.0,0.0,0.0,0.0,2787860.0,0.0,2787860.0,0
2022-03-29,1620.0,1620.0,1620.0,1620.0,1677.0,0.0,0.0,2787860.0,0.0,0.0,0.0,2787860.0,0.0,2787860.0,0
2022-03-30,1620.0,1620.0,1620.0,1620.0,1677.0,0.0,0.0,2787860.0,0.0,0.0,0.0,2787860.0,0.0,2787860.0,0
2022-03-31,1620.0,1620.0,1620.0,1620.0,1677.0,0.0,0.0,2787860.0,0.0,0.0,0.0,2787860.0,0.0,2787860.0,0
2022-04-01,1620.0,1620.0,1620.0,1620.0,1677.0,0.0,0.0,2787860.0,0.0,0.0,0.0,2787860.0,0.0,2787860.0,0
2022-04-04,1620.0,1620.0,1620.0,1620.0,1677.0,0.0,0.0,2787860.0,0.0,0.0,0.0,2787860.0,0.0,2787860.0,0
2022-04-05,1620.0,1620.0,1620.0,1620.0,1677.0,0.0,0.0,2787860.0,0.0,0.0,0.0,2787860.0,0.0,2787860.0,0
2022-04-06,1620.0,1620.0,1620.0,1620.0,1677.0,0.0,0.0,2787860.0,0.0,0.0,0.0,2787860.0,0.0,2787860.0,0
2022-04-07,1620.0,1620.0,1620.0,1620.0,1677.0,0.0,0.0,2787860.0,0.0,0.0,0.0,2787860.0,0.0,2787860.0,0
2022-04-08,1620.0,1620.0,1620.0,1620.0,1677.0,0.0,0.0,2787860.0,0.0,0.0,0.0,2787860.0,0.0,2787860.0,0
2022-04-11,1620.0,1620.0,1620.0,1620.0,1677.0,0.0,0.0,2787860.0,0.0,0.0,0.0,2787860.0,0.0,2787860.0,0
2022-04-12,1620.0,1620.0,1620.0,1620.0,1677.0,0.0,0.0,2787860.0,0.0,0.0,0.0,2787860.0,0.0,2787860.0,0
2022-04-13,1620.0,1620.0,1620.0,1620.0,1677.0,0.0,0.0,2787860.0,0.0,0.0,0.0,2787860.0,0.0,2787860.0,0
2022-04-14,1620.0,1620.0,1620.0,1620.0,1677.0,0.0,0.0,2787860.0,0.0,0.0,0.0,2787860.0,0.0,2787860.0,0
2022-04-15,1620.0,1620.0,1620.0,1620.0,1677.0,0.0,0.0,2787860.0,0.0,0.0,0.0,2787860.0,0.0,2787860.0,0
2022-04-18,1620.0,1620.0,1620.0,1620.0,1677.0,0.0,0.0,2787860.0,0.0,0.0,0.0,2787860.0,0.0,2787860.0,0
2022-04-19,1620.0,1620.0,1620.0,1620.0,1677.0,0.0,0.0,2787860.0,0.0,0.0,0.0,2787860.0,0.0,2787860.0,0
2022-04-20,1620.0,1620.0,1620.0,1620.0,1677.0,0.0,0.0,2787860.0,0.0,0.0,0.0,2787860.0,0.0,2787860.0,0
2022-04-21,1620.0,1620.0,1620.0,1620.0,1677.0,0.0,0.0,2787860.0,0.0,0.0,0.0,2787860.0,0.0,2787860.0,0
2022-04-22,1620.0,1620.0,1620.0,1620.0,1677.0,0.0,0.0,2787860.0,0.0,0.0,0.0,2787860.0,0.0,2787860.0,0
2022-04-25,1620.0,1620.0,1620.0,1620.0,1677.0,0.0,0.0,2787860.0,0.0,0.0,0.0,2787860.0,0.0,2787860.0,0
2022-04-26,1620.0,1620.0,1620.0,1620.0,1677.0,0.0,0.0,2787860.0,0.0,0.0,0.0,2787860.0,0.0,2787860.0,0
2022-04-27,1620.0,1620.0,1620.0,1620.0,1677.0,0.0,0.0,2787860.0,0.0,0.0,0.0,2787860.0,0.0,2787860.0,0
2022-04-28,1620.0,1620.0,1620.0,1620.0,1677.0,0.0,0.0,2787860.0,0.0,0.0,0.0,2787860.0,0.0,2787860.0,0
2022-04-29,1620.0,1620.0,1620.0,1620.0,1677.0,0.0,0.0,2787860.0,0.0,0.0,0.0,2787860.0,0.0,2787860.0,0
2022-05-02,1620.0,1620.0,1620.0,1620.0,1677.0,0.0,0.0,2787860.0,0.0,0.0,0.0,2787860.0,0.0,2787860.0,0
2022-05-03,1620.0,1620.0,1620.0,1620.0,1677.0,0.0,0.0,2787860.0,0.0,0.0,0.0,2787860.0,0.0,2787860.0,0
2022-05-04,1620.0,1620.0,1620.0,1620.0,1677.0,0.0,0.0,2787860.0,0.0,0.0,0.0,2787860.0,0.0,2787860.0,0
2022-05-06,1620.0,1620.0,1620.0,1620.0,1677.0,0.0,0.0,2787860.0,0.0,0.0,0.0,2787860.0,0.0,2787860.0,0
2022-05-09,1620.0,1620.0,1620.0,1620.0,1677.0,0.0,0.0,2787860.0,0.0,0.0,0.0,2787860.0,0.0,2787860.0,0
2022-05-10,1620.0,1620.0,1620.0,1620.0,1677.0,0.0,0.0,2787860.0,0.0,0.0,0.0,2787860.0,0.0,2787860.0,0
2022-05-11,1620.0,1620.0,1620.0,1620.0,1677.0,0.0,0.0,2787860.0,0.0,0.0,0.0,2787860.0,0.0,2787860.0,0
2022-05-12,1620.0,1620.0,1620.0,1620.0,1677.0,0.0,0.0,2787860.0,0.0,0.0,0.0,2787860.0,0.0,2787860.0,0
2022-05-13,1620.0,1620.0,1620.0,1620.0,1677.0,0.0,0.0,2787860.0,0.0,0.0,0.0,2787860.0,0.0,2787860.0,0
2022-05-16,1620.0,1620.0,1620.0,1620.0,1677.0,0.0,0.0,2787860.0,0.0,0.0,0.0,2787860.0,0.0,2787860.0,0
2022-05-17,1620.0,1620.0,1620.0,1620.0,1677.0,0.0,0.0,2787860.0,0.0,0.0,0.0,2787860.0,0.0,2787860.0,0
2022-05-18,1620.0,1620.0,1620.0,1620.0,1677.0,0.0,0.0,2787860.0,0.0,0.0,0.0,2787860.0,0.0,2787860.0,0
2022-05-19,1620.0,1620.0,1620.0,1620.0,1677.0,0.0,0.0,2787860.0,0.0,0.0,0.0,2787860.0,0.0,2787860.0,0
2022-05-20,1620.0,1620.0,1620.0,1620.0,1677.0,0.0,0.0,2787860.0,0.0,0.0,0.0,2787860.0,0.0,2787860.0,0
2022-05-23,1620.0,1620.0,1620.0,1620.0,1677.0,0.0,0.0,2787860.0,0.0,0.0,0.0,2787860.0,0.0,2787860.0,0
2022-05-24,1620.0,1620.0,1620.0,1620.0,1677.0,0.0,0.0,2787860.0,0.0,0.0,0.0,2787860.0,0.0,2787860.0,0
2022-05-25,1620.0,1620.0,1620.0,1620.0,1677.0,0.0,0.0,2787860.0,0.0,0.0,0.0,2787860.0,0.0,2787860.0,0
2022-05-26,1620.0,1620.0,1620.0,1620.0,1677.0,0.0,0.0,2787860.0,0.0,0.0,0.0,2787860.0,0.0,2787860.0,0
2022-05-27,1620.0,1620.0,1620.0,1620.0,1677.0,0.0,0.0,2787860.0,0.0,0.0,0.0,2787860.0,0.0,2787860.0,0
2022-05-30,1620.0,1620.0,1620.0,1620.0,1677.0,0.0,0.0,2787860.0,0.0,0.0,0.0,2787860.0,0.0,2787860.0,0
2022-05-31,1620.0,1620.0,1620.0,1620.0,1677.0,0.0,0.0,2787860.0,0.0,0.0,0.0,2787860.0,0.0,2787860.0,0
2022-06-02,1620.0,1620.0,1620.0,1620.0,1677.0,0.0,0.0,2787860.0,0.0,0.0,0.0,2787860.0,0.0,2787860.0,0
2022-06-03,1620.0,1620.0,1620.0,1620.0,1677.0,0.0,0.0,2787860.0,0.0,0.0,0.0,2787860.0,0.0,2787860.0,0
2022-06-07,1620.0,1620.0,1620.0,1620.0,1677.0,0.0,0.0,2787860.0,0.0,0.0,0.0,2787860.0,0.0,2787860.0,0
2022-06-08,1620.0,1620.0,1620.0,1620.0,1677.0,0.0,0.0,2787860.0,0.0,0.0,0.0,2787860.0,0.0,2787860.0,0
2022-06-09,1620.0,1620.0,1620.0,1620.0,1677.0,0.0,0.0,2787860.0,0.0,0.0,0.0,2787860.0,0.0,2787860.0,0
2022-06-10,1620.0,1620.0,1620.0,1620.0,1677.0,0.0,0.0,2787860.0,0.0,0.0,0.0,2787860.0,0.0,2787860.0,0
2022-06-13,1620.0,1620.0,1620.0,1620.0,1677.0,0.0,0.0,2787860.0,0.0,0.0,0.0,2787860.0,0.0,2787860.0,0
2022-06-14,1620.0,1620.0,1620.0,1620.0,1677.0,0.0,0.0,2787860.0,0.0,0.0,0.0,2787860.0,0.0,2787860.0,0
2022-06-15,1620.0,1620.0,1620.0,1620.0,1677.0,0.0,0.0,2787860.0,0.0,0.0,0.0,2787860.0,0.0,2787860.0,0
2022-06-16,1620.0,1620.0,1620.0,1620.0,1677.0,0.0,0.0,2787860.0,0.0,0.0,0.0,2787860.0,0.0,2787860.0,0
2022-06-17,1620.0,1620.0,1620.0,1620.0,1677.0,0.0,0.0,2787860.0,0.0,0.0,0.0,2787860.0,0.0,2787860.0,0
2022-06-20,1620.0,1620.0,1620.0,1620.0,1677.0,0.0,0.0,2787860.0,0.0,0.0,0.0,2787860.0,0.0,2787860.0,0
2022-06-21,1620.0,1620.0,1620.0,1620.0,1677.0,0.0,0.0,2787860.0,0.0,0.0,0.0,2787860.0,0.0,2787860.0,0
2022-06-22,1620.0,1620.0,1620.0,1620.0,1677.0,0.0,0.0,2787860.0,0.0,0.0,0.0,2787860.0,0.0,2787860.0,0
2022-06-23,1620.0,1620.0,1620.0,1620.0,1677.0,0.0,0.0,2787860.0,0.0,0.0,0.0,2787860.0,0.0,2787860.0,0
2022-06-24,1620.0,1620.0,1620.0,1620.0,1677.0,0.0,0.0,2787860.0,0.0,0.0,0.0,2787860.0,0.0,2787860.0,0
2022-06-27,1620.0,1620.0,1620.0,1620.0,1677.0,0.0,0.0,2787860.0,0.0,0.0,0.0,2787860.0,0.0,2787860.0,0
2022-06-28,1620.0,1620.0,1620.0,1620.0,1677.0,0.0,0.0,2787860.0,0.0,0.0,0.0,2787860.0,0.0,2787860.0,0
2022-06-29,1620.0,1620.0,1620.0,1620.0,1677.0,0.0,0.0,2787860.0,0.0,0.0,0.0,2787860.0,0.0,2787860.0,0
2022-06-30,1620.0,1620.0,1620.0,1620.0,1677.0,0.0,0.0,2787860.0,0.0,0.0,0.0,2787860.0,0.0,2787860.0,0
2022-07-01,1620.0,1620.0,1620.0,1620.0,1677.0,0.0,0.0,2787860.0,0.0,0.0,0.0,2787860.0,0.0,2787860.0,0
2022-07-04,1620.0,1620.0,1620.0,1620.0,1677.0,0.0,0.0,2787860.0,0.0,0.0,0.0,2787860.0,0.0,2787860.0,0
2022-07-05,1620.0,1620.0,1620.0,1620.0,1677.0,0.0,0.0,2787860.0,0.0,0.0,0.0,2787860.0,0.0,2787860.0,0
2022-07-06,1620.0,1620.0,1620.0,1620.0,1677.0,0.0,0.0,2787860.0,0.0,0.0,0.0,2787860.0,0.0,2787860.0,0
2022-07-07,1620.0,1620.0,1620.0,1620.0,1677.0,0.0,0.0,2787860.0,0.0,0.0,0.0,2787860.0,0.0,2787860.0,0
2022-07-08,1620.0,1620.0,1620.0,1620.0,1677.0,0.0,0.0,2787860.0,0.0,0.0,0.0,2787860.0,0.0,2787860.0,0
2022-07-11,1620.0,1620.0,1620.0,1620.0,1677.0,0.0,0.0,2787860.0,0.0,0.0,0.0,2787860.0,0.0,2787860.0,0
2022-07-12,1620.0,1620.0,1620.0,1620.0,1677.0,0.0,0.0,2787860.0,0.0,0.0,0.0,2787860.0,0.0,2787860.0,0
2022-07-13,1620.0,1620.0,1620.0,1620.0,1677.0,0.0,0.0,2787860.0,0.0,0.0,0.0,2787860.0,0.0,2787860.0,0
2022-07-14,1620.0,1620.0,1620.0,1620.0,1677.0,0.0,0.0,2787860.0,0.0,0.0,0.0,2787860.0,0.0,2787860.0,0
2022-07-15,1620.0,1620.0,1620.0,1620.0,1677.0,0.0,0.0,2787860.0,0.0,0.0,0.0,2787860.0,0.0,2787860.0,0
2022-07-18,1620.0,1620.0,1620.0,1620.0,1677.0,0.0,0.0,2787860.0,0.0,0.0,0.0,2787860.0,0.0,2787860.0,0
2022-07-19,1620.0,1620.0,1620.0,1620.0,1677.0,0.0,0.0,2787860.0,0.0,0.0,0.0,2787860.0,0.0,2787860.0,0
2022-07-20,1620.0,1620.0,1620.0,1620.0,1677.0,0.0,0.0,2787860.0,0.0,0.0,0.0,2787860.0,0.0,2787860.0,0
2022-07-21,1620.0,1620.0,1620.0,1620.0,1677.0,0.0,0.0,2787860.0,0.0,0.0,0.0,2787860.0,0.0,2787860.0,0
2022-07-22,1620.0,1620.0,1620.0,1620.0,1677.0,0.0,0.0,2787860.0,0.0,0.0,0.0,2787860.0,0.0,2787860.0,0
2022-07-25,1620.0,1620.0,1620.0,1620.0,1677.0,0.0,0.0,2787860.0,0.0,0.0,0.0,2787860.0,0.0,2787860.0,0
2022-07-26,1620.0,1620.0,1620.0,1620.0,1677.0,0.0,0.0,2787860.0,0.0,0.0,0.0,2787860.0,0.0,2787860.0,0
2022-07-27,1620.0,1620.0,1620.0,1620.0,1677.0,0.0,0.0,2787860.0,0.0,0.0,0.0,2787860.0,0.0,2787860.0,0
2022-07-28,1620.0,1620.0,1620.0,1620.0,1677.0,0.0,0.0,2787860.0,0.0,0.0,0.0,2787860.0,0.0,2787860.0,0
2022-07-29,1620.0,1620.0,1620.0,1620.0,1677.0,0.0,0.0,2787860.0,0.0,0.0,0.0,2787860.0,0.0,2787860.0,0
2022-08-01,1620.0,1620.0,1620.0,1620.0,1677.0,0.0,0.0,2787860.0,0.0,0.0,0.0,2787860.0,0.0,2787860.0,0
2022-08-02,1620.0,1620.0,1620.0,1620.0,1677.0,0.0,0.0,2787860.0,0.0,0.0,0.0,2787860.0,0.0,2787860.0,0
2022-08-03,1620.0,1620.0,1620.0,1620.0,1677.0,0.0,0.0,2787860.0,0.0,0.0,0.0,2787860.0,0.0,2787860.0,0
2022-08-04,1620.0,1620.0,1620.0,1620.0,1677.0,0.0,0.0,2787860.0,0.0,0.0,0.0,2787860.0,0.0,2787860.0,0
2022-08-05,1620.0,1620.0,1620.0,1620.0,1677.0,0.0,0.0,2787860.0,0.0,0.0,0.0,2787860.0,0.0,2787860.0,0
2022-08-08,1620.0,1620.0,1620.0,1620.0,1677.0,0.0,0.0,2787860.0,0.0,0.0,0.0,2787860.0,0.0,2787860.0,0
2022-08-09,1620.0,1620.0,1620.0,1620.0,1677.0,0.0,0.0,2787860.0,0.0,0.0,0.0,2787860.0,0.0,2787860.0,0
2022-08-10,1620.0,1620.0,1620.0,1620.0,1677.0,0.0,0.0,2787860.0,0.0,0.0,0.0,2787860.0,0.0,2787860.0,0
2022-08-11,1620.0,1620.0,1620.0,1620.0,1677.0,0.0,0.0,2787860.0,0.0,0.0,0.0,2787860.0,0.0,2787860.0,0
2022-08-12,1620.0,1620.0,1620.0,1620.0,1677.0,0.0,0.0,2787860.0,0.0,0.0,0.0,2787860.0,0.0,2787860.0,0
2022-08-16,1620.0,1620.0,1620.0,1620.0,1677.0,0.0,0.0,2787860.0,0.0,0.0,0.0,2787860.0,0.0,2787860.0,0
2022-08-17,1620.0,1620.0,1620.0,1620.0,1677.0,0.0,0.0,2787860.0,0.0,0.0,0.0,2787860.0,0.0,2787860.0,0
2022-08-18,1620.0,1620.0,1620.0,1620.0,1677.0,0.0,0.0,2787860.0,0.0,0.0,0.0,2787860.0,0.0,2787860.0,0
2022-08-19,1620.0,1620.0,1620.0,1620.0,1677.0,0.0,0.0,2787860.0,0.0,0.0,0.0,2787860.0,0.0,2787860.0,0
2022-08-22,1620.0,1620.0,1620.0,1620.0,1677.0,0.0,0.0,2787860.0,0.0,0.0,0.0,2787860.0,0.0,2787860.0,0
2022-08-23,1620.0,1620.0,1620.0,1620.0,1677.0,0.0,0.0,2787860.0,0.0,0.0,0.0,2787860.0,0.0,2787860.0,0
2022-08-24,1620.0,1620.0,1620.0,1620.0,1677.0,0.0,0.0,2787860.0,0.0,0.0,0.0,2787860.0,0.0,2787860.0,0
2022-08-25,1620.0,1620.0,1620.0,1620.0,1677.0,0.0,0.0,2787860.0,0.0,0.0,0.0,2787860.0,0.0,2787860.0,0
2022-08-26,1620.0,1620.0,1620.0,1620.0,1677.0,0.0,0.0,2787860.0,0.0,0.0,0.0,2787860.0,0.0,2787860.0,0
2022-08-29,1620.0,1620.0,1620.0,1620.0,1677.0,0.0,0.0,2787860.0,0.0,0.0,0.0,2787860.0,0.0,2787860.0,0
2022-08-30,1620.0,1620.0,1620.0,1620.0,1677.0,0.0,0.0,2787860.0,0.0,0.0,0.0,2787860.0,0.0,2787860.0,0
2022-08-31,1620.0,1620.0,1620.0,1620.0,1677.0,0.0,0.0,2787860.0,0.0,0.0,0.0,2787860.0,0.0,2787860.0,0
2022-09-01,1620.0,1620.0,1620.0,1620.0,1677.0,0.0,0.0,2787860.0,0.0,0.0,0.0,2787860.0,0.0,2787860.0,0
2022-09-02,1620.0,1620.0,1620.0,1620.0,1677.0,0.0,0.0,2787860.0,0.0,0.0,0.0,2787860.0,0.0,2787860.0,0
2022-09-05,1620.0,1620.0,1620.0,1620.0,1677.0,0.0,0.0,2787860.0,0.0,0.0,0.0,2787860.0,0.0,2787860.0,0
2022-09-06,1620.0,1620.0,1620.0,1620.0,1677.0,0.0,0.0,2787860.0,0.0,0.0,0.0,2787860.0,0.0,2787860.0,0
2022-09-07,1620.0,1620.0,1620.0,1620.0,1677.0,0.0,0.0,2787860.0,0.0,0.0,0.0,2787860.0,0.0,2787860.0,0
2022-09-08,1620.0,1620.0,1620.0,1620.0,1677.0,0.0,0.0,2787860.0,0.0,0.0,0.0,2787860.0,0.0,2787860.0,0
2022-09-13,1620.0,1620.0,1620.0,1620.0,1677.0,0.0,0.0,2787860.0,0.0,0.0,0.0,2787860.0,0.0,2787860.0,0
2022-09-14,1620.0,1620.0,1620.0,1620.0,1677.0,0.0,0.0,2787860.0,0.0,0.0,0.0,2787860.0,0.0,2787860.0,0
2022-09-15,1620.0,1620.0,1620.0,1620.0,1677.0,0.0,0.0,2787860.0,0.0,0.0,0.0,2787860.0,0.0,2787860.0,0
2022-09-16,1620.0,1620.0,1620.0,1620.0,1677.0,0.0,0.0,2787860.0,0.0,0.0,0.0,2787860.0,0.0,2787860.0,0
2022-09-19,1620.0,1620.0,1620.0,1620.0,1677.0,0.0,0.0,2787860.0,0.0,0.0,0.0,2787860.0,0.0,2787860.0,0
2022-09-20,1620.0,1620.0,1620.0,1620.0,1677.0,0.0,0.0,2787860.0,0.0,0.0,0.0,2787860.0,0.0,2787860.0,0
2022-09-21,1620.0,1620.0,1620.0,1620.0,1677.0,0.0,0.0,2787860.0,0.0,0.0,0.0,2787860.0,0.0,2787860.0,0
2022-09-22,1620.0,1620.0,1620.0,1620.0,1677.0,0.0,0.0,2787860.0,0.0,0.0,0.0,2787860.0,0.0,2787860.0,0
2022-09-23,1620.0,1620.0,1620.0,1620.0,1677.0,0.0,0.0,2787860.0,0.0,0.0,0.0,2787860.0,0.0,2787860.0,0
2022-09-26,1620.0,1620.0,1620.0,1620.0,1677.0,0.0,0.0,2787860.0,0.0,0.0,0.0,2787860.0,0.0,2787860.0,0
2022-09-27,1620.0,1620.0,1620.0,1620.0,1677.0,0.0,0.0,2787860.0,0.0,0.0,0.0,2787860.0,0.0,2787860.0,0
2022-09-28,1620.0,1620.0,1620.0,1620.0,1677.0,0.0,0.0,2787860.0,0.0,0.0,0.0,2787860.0,0.0,2787860.0,0
2022-09-29,1620.0,1620.0,1620.0,1620.0,1677.0,0.0,0.0,2787860.0,0.0,0.0,0.0,2787860.0,0.0,2787860.0,0
2022-09-30,1620.0,1620.0,1620.0,1620.0,1677.0,0.0,0.0,2787860.0,0.0,0.0,0.0,2787860.0,0.0,2787860.0,0
2022-10-04,1620.0,1620.0,1620.0,1620.0,1677.0,0.0,0.0,2787860.0,0.0,0.0,0.0,2787860.0,0.0,2787860.0,0
2022-10-05,1620.0,1620.0,1620.0,1620.0,1677.0,0.0,0.0,2787860.0,0.0,0.0,0.0,2787860.0,0.0,2787860.0,0
2022-10-06,1620.0,1620.0,1620.0,1620.0,1677.0,0.0,0.0,2787860.0,0.0,0.0,0.0,2787860.0,0.0,2787860.0,0
2022-10-07,1620.0,1620.0,1620.0,1620.0,1677.0,0.0,0.0,2787860.0,0.0,0.0,0.0,2787860.0,0.0,2787860.0,0
2022-10-11,1620.0,1620.0,1620.0,1620.0,1677.0,0.0,0.0,2787860.0,0.0,0.0,0.0,2787860.0,0.0,2787860.0,0
2022-10-12,1620.0,1620.0,1620.0,1620.0,1677.0,0.0,0.0,2787860.0,0.0,0.0,0.0,2787860.0,0.0,2787860.0,0
2022-10-13,1620.0,1620.0,1620.0,1620.0,1677.0,0.0,0.0,2787860.0,0.0,0.0,0.0,2787860.0,0.0,2787860.0,0
2022-10-14,1620.0,1620.0,1620.0,1620.0,1677.0,0.0,0.0,2787860.0,0.0,0.0,0.0,2787860.0,0.0,2787860.0,0
2022-10-17,1620.0,1620.0,1620.0,1620.0,1677.0,0.0,0.0,2787860.0,0.0,0.0,0.0,2787860.0,0.0,2787860.0,0
2022-10-18,1620.0,1620.0,1620.0,1620.0,1677.0,0.0,0.0,2787860.0,0.0,0.0,0.0,2787860.0,0.0,2787860.0,0
2022-10-19,1620.0,1620.0,1620.0,1620.0,1677.0,0.0,0.0,2787860.0,0.0,0.0,0.0,2787860.0,0.0,2787860.0,0
2022-10-20,1620.0,1620.0,1620.0,1620.0,1677.0,0.0,0.0,2787860.0,0.0,0.0,0.0,2787860.0,0.0,2787860.0,0
2022-10-21,1620.0,1620.0,1620.0,1620.0,1677.0,0.0,0.0,2787860.0,0.0,0.0,0.0,2787860.0,0.0,2787860.0,0
2022-10-24,1620.0,1620.0,1620.0,1620.0,1677.0,0.0,0.0,2787860.0,0.0,0.0,0.0,2787860.0,0.0,2787860.0,0
2022-10-25,1620.0,1620.0,1620.0,1620.0,1677.0,0.0,0.0,2787860.0,0.0,0.0,0.0,2787860.0,0.0,2787860.0,0
2022-10-26,1620.0,1620.0,1620.0,1620.0,1677.0,0.0,0.0,2787860.0,0.0,0.0,0.0,2787860.0,0.0,2787860.0,0
2022-10-27,1620.0,1620.0,1620.0,1620.0,1677.0,0.0,0.0,2787860.0,0.0,0.0,0.0,2787860.0,0.0,2787860.0,0
2022-10-28,1620.0,1620.0,1620.0,1620.0,1677.0,0.0,0.0,2787860.0,0.0,0.0,0.0,2787860.0,0.0,2787860.0,0
2022-10-31,1620.0,1620.0,1620.0,1620.0,1677.0,0.0,0.0,2787860.0,0.0,0.0,0.0,2787860.0,0.0,2787860.0,0
2022-11-01,1620.0,1620.0,1620.0,1620.0,1677.0,0.0,0.0,2787860.0,0.0,0.0,0.0,2787860.0,0.0,2787860.0,0
2022-11-02,1620.0,1620.0,1620.0,1620.0,1677.0,0.0,0.0,2787860.0,0.0,0.0,0.0,2787860.0,0.0,2787860.0,0
2022-11-03,1620.0,1620.0,1620.0,1620.0,1677.0,0.0,0.0,2787860.0,0.0,0.0,0.0,2787860.0,0.0,2787860.0,0
2022-11-04,1620.0,1620.0,1620.0,1620.0,1677.0,0.0,0.0,2787860.0,0.0,0.0,0.0,2787860.0,0.0,2787860.0,0
2022-11-07,1620.0,1620.0,1620.0,1620.0,1677.0,0.0,0.0,2787860.0,0.0,0.0,0.0,2787860.0,0.0,2787860.0,0
2022-11-08,1620.0,1620.0,1620.0,1620.0,1677.0,0.0,0.0,2787860.0,0.0,0.0,0.0,2787860.0,0.0,2787860.0,0
2022-11-09,1620.0,1620.0,1620.0,1620.0,1677.0,0.0,0.0,2787860.0,0.0,0.0,0.0,2787860.0,0.0,2787860.0,0
2022-11-10,1620.0,1620.0,1620.0,1620.0,1677.0,0.0,0.0,2787860.0,0.0,0.0,0.0,2787860.0,0.0,2787860.0,0
2022-11-11,1620.0,1620.0,1620.0,1620.0,1677.0,0.0,0.0,2787860.0,0.0,0.0,0.0,2787860.0,0.0,2787860.0,0
2022-11-14,1620.0,1620.0,1620.0,1620.0,1677.0,0.0,0.0,2787860.0,0.0,0.0,0.0,2787860.0,0.0,2787860.0,0
2022-11-15,1620.0,1620.0,1620.0,1620.0,1677.0,0.0,0.0,2787860.0,0.0,0.0,0.0,2787860.0,0.0,2787860.0,0
2022-11-16,1620.0,1620.0,1620.0,1620.0,1677.0,0.0,0.0,2787860.0,0.0,0.0,0.0,2787860.0,0.0,2787860.0,0
2022-11-17,1620.0,1620.0,1620.0,1620.0,1677.0,0.0,0.0,2787860.0,0.0,0.0,0.0,2787860.0,0.0,2787860.0,0
2022-11-18,1620.0,1620.0,1620.0,1620.0,1677.0,0.0,0.0,2787860.0,0.0,0.0,0.0,2787860.0,0.0,2787860.0,0
2022-11-21,1620.0,1620.0,1620.0,1620.0,1677.0,0.0,0.0,2787860.0,0.0,0.0,0.0,2787860.0,0.0,2787860.0,0
2022-11-22,1620.0,1620.0,1620.0,1620.0,1677.0,0.0,0.0,2787860.0,0.0,0.0,0.0,2787860.0,0.0,2787860.0,0
2022-11-23,1620.0,1620.0,1620.0,1620.0,1677.0,0.0,0.0,2787860.0,0.0,0.0,0.0,2787860.0,0.0,2787860.0,0
2022-11-24,1620.0,1620.0,1620.0,1620.0,1677.0,0.0,0.0,2787860.0,0.0,0.0,0.0,2787860.0,0.0,2787860.0,0
2022-11-25,1620.0,1620.0,1620.0,1620.0,1677.0,0.0,0.0,2787860.0,0.0,0.0,0.0,2787860.0,0.0,2787860.0,0
2022-11-28,1620.0,1620.0,1620.0,1620.0,1677.0,0.0,0.0,2787860.0,0.0,0.0,0.0,2787860.0,0.0,2787860.0,0
2022-11-29,1620.0,1620.0,1620.0,1620.0,1677.0,0.0,0.0,2787860.0,0.0,0.0,0.0,2787860.0,0.0,2787860.0,0
2022-11-30,1620.0,1620.0,1620.0,1620.0,1677.0,0.0,0.0,2787860.0,0.0,0.0,0.0,2787860.0,0.0,2787860.0,0
2022-12-01,1620.0,1620.0,1620.0,1620.0,1677.0,0.0,0.0,2787860.0,0.0,0.0,0.0,2787860.0,0.0,2787860.0,0
2022-12-02,1620.0,1620.0,1620.0,1620.0,1677.0,0.0,0.0,2787860.0,0.0,0.0,0.0,2787860.0,0.0,2787860.0,0
2022-12-05,1620.0,1620.0,1620.0,1620.0,1677.0,0.0,0.0,2787860.0,0.0,0.0,0.0,2787860.0,0.0,2787860.0,0
2022-12-06,1620.0,1620.0,1620.0,1620.0,1677.0,0.0,0.0,2787860.0,0.0,0.0,0.0,2787860.0,0.0,2787860.0,0
2022-12-07,1620.0,1620.0,1620.0,1620.0,1677.0,0.0,0.0,2787860.0,0.0,0.0,0.0,2787860.0,0.0,2787860.0,0
2022-12-08,1620.0,1620.0,1620.0,1620.0,1677.0,0.0,0.0,2787860.0,0.0,0.0,0.0,2787860.0,0.0,2787860.0,0
2022-12-09,1620.0,1620.0,1620.0,1620.0,1677.0,0.0,0.0,2787860.0,0.0,0.0,0.0,2787860.0,0.0,2787860.0,0
2022-12-12,1620.0,1620.0,1620.0,1620.0,1677.0,0.0,0.0,2787860.0,0.0,0.0,0.0,2787860.0,0.0,2787860.0,0
2022-12-13,1620.0,1620.0,1620.0,1620.0,1677.0,0.0,0.0,2787860.0,0.0,0.0,0.0,2787860.0,0.0,2787860.0,0
2022-12-14,1620.0,1620.0,1620.0,1620.0,1677.0,0.0,0.0,2787860.0,0.0,0.0,0.0,2787860.0,0.0,2787860.0,0
2022-12-15,1620.0,1620.0,1620.0,1620.0,1677.0,0.0,0.0,2787860.0,0.0,0.0,0.0,2787860.0,0.0,2787860.0,0
2022-12-16,1620.0,1620.0,1620.0,1620.0,1677.0,0.0,0.0,2787860.0,0.0,0.0,0.0,2787860.0,0.0,2787860.0,0
2022-12-19,1620.0,1620.0,1620.0,1620.0,1677.0,0.0,0.0,2787860.0,0.0,0.0,0.0,2787860.0,0.0,2787860.0,0
2022-12-20,1620.0,1620.0,1620.0,1620.0,1677.0,0.0,0.0,2787860.0,0.0,0.0,0.0,2787860.0,0.0,2787860.0,0
2022-12-21,1620.0,1620.0,1620.0,1620.0,1677.0,0.0,0.0,2787860.0,0.0,0.0,0.0,2787860.0,0.0,2787860.0,0
2022-12-22,1620.0,1620.0,1620.0,1620.0,1677.0,0.0,0.0,2787860.0,0.0,0.0,0.0,2787860.0,0.0,2787860.0,0
2022-12-23,1620.0,1620.0,1620.0,1620.0,1677.0,0.0,0.0,2787860.0,0.0,0.0,0.0,2787860.0,0.0,2787860.0,0
2022-12-26,1620.0,1620.0,1620.0,1620.0,1677.0,0.0,0.0,2787860.0,0.0,0.0,0.0,2787860.0,0.0,2787860.0,0
2022-12-27,1620.0,1620.0,1620.0,1620.0,1677.0,0.0,0.0,2787860.0,0.0,0.0,0.0,2787860.0,0.0,2787860.0,0
2022-12-28,1620.0,1620.0,1620.0,1620.0,1677.0,0.0,0.0,2787860.0,0.0,0.0,0.0,2787860.0,0.0,2787860.0,0
2022-12-29,1620.0,1620.0,1620.0,1620.0,1677.0,0.0,0.0,2787860.0,0.0,0.0,0.0,2787860.0,0.0,2787860.0,0
2023-01-02,1620.0,1620.0,1620.0,1620.0,1677.0,0.0,0.0,2787860.0,0.0,0.0,0.0,2787860.0,0.0,2787860.0,0
2023-01-03,1620.0,1620.0,1620.0,1620.0,1677.0,0.0,0.0,2787860.0,0.0,0.0,0.0,2787860.0,0.0,2787860.0,0
2023-01-04,1620.0,1620.0,1620.0,1620.0,1677.0,0.0,0.0,2787860.0,0.0,0.0,0.0,2787860.0,0.0,2787860.0,0
2023-01-05,1620.0,1620.0,1620.0,1620.0,1677.0,0.0,0.0,2787860.0,0.0,0.0,0.0,2787860.0,0.0,2787860.0,0
2023-01-06,1620.0,1620.0,1620.0,1620.0,1677.0,0.0,0.0,2787860.0,0.0,0.0,0.0,2787860.0,0.0,2787860.0,0
2023-01-09,1620.0,1620.0,1620.0,1620.0,1677.0,0.0,0.0,2787860.0,0.0,0.0,0.0,2787860.0,0.0,2787860.0,0
2023-01-10,1620.0,1620.0,1620.0,1620.0,1677.0,0.0,0.0,2787860.0,0.0,0.0,0.0,2787860.0,0.0,2787860.0,0
2023-01-11,1620.0,1620.0,1620.0,1620.0,1677.0,0.0,0.0,2787860.0,0.0,0.0,0.0,2787860.0,0.0,2787860.0,0
2023-01-12,1620.0,1620.0,1620.0,1620.0,1677.0,0.0,0.0,2787860.0,0.0,0.0,0.0,2787860.0,0.0,2787860.0,0
2023-01-13,1620.0,1620.0,1620.0,1620.0,1677.0,0.0,0.0,2787860.0,0.0,0.0,0.0,2787860.0,0.0,2787860.0,0
2023-01-16,1620.0,1620.0,1620.0,1620.0,1677.0,0.0,0.0,2787860.0,0.0,0.0,0.0,2787860.0,0.0,2787860.0,0
2023-01-17,1620.0,1620.0,1620.0,1620.0,1677.0,0.0,0.0,2787860.0,0.0,0.0,0.0,2787860.0,0.0,2787860.0,0
2023-01-18,1620.0,1620.0,1620.0,1620.0,1677.0,0.0,0.0,2787860.0,0.0,0.0,0.0,2787860.0,0.0,2787860.0,0
2023-01-19,1620.0,1620.0,1620.0,1620.0,1677.0,0.0,0.0,2787860.0,0.0,0.0,0.0,2787860.0,0.0,2787860.0,0
2023-01-20,1620.0,1620.0,1620.0,1620.0,1677.0,0.0,0.0,2787860.0,0.0,0.0,0.0,2787860.0,0.0,2787860.0,0
2023-01-25,1620.0,1620.0,1620.0,1620.0,1677.0,0.0,0.0,2787860.0,0.0,0.0,0.0,2787860.0,0.0,2787860.0,0
2023-01-26,1620.0,1620.0,1620.0,1620.0,1677.0,0.0,0.0,2787860.0,0.0,0.0,0.0,2787860.0,0.0,2787860.0,0
2023-01-27,1620.0,1620.0,1620.0,1620.0,1677.0,0.0,0.0,2787860.0,0.0,0.0,0.0,2787860.0,0.0,2787860.0,0
2023-01-30,1620.0,1620.0,1620.0,1620.0,1677.0,0.0,0.0,2787860.0,0.0,0.0,0.0,2787860.0,0.0,2787860.0,0
2023-01-31,1620.0,1620.0,1620.0,1620.0,1677.0,0.0,0.0,2787860.0,0.0,0.0,0.0,2787860.0,0.0,2787860.0,0
2023-02-01,1620.0,1620.0,1620.0,1620.0,1677.0,0.0,0.0,2787860.0,0.0,0.0,0.0,2787860.0,0.0,2787860.0,0
2023-02-02,1620.0,1620.0,1620.0,1620.0,1677.0,0.0,0.0,2787860.0,0.0,0.0,0.0,2787860.0,0.0,2787860.0,0
2023-02-03,1620.0,1620.0,1620.0,1620.0,1677.0,0.0,0.0,2787860.0,0.0,0.0,0.0,2787860.0,0.0,2787860.0,0
2023-02-06,1620.0,1620.0,1620.0,1620.0,1677.0,0.0,0.0,2787860.0,0.0,0.0,0.0,2787860.0,0.0,2787860.0,0
2023-02-07,1620.0,1620.0,1620.0,1620.0,1677.0,0.0,0.0,2787860.0,0.0,0.0,0.0,2787860.0,0.0,2787860.0,0
2023-02-08,1620.0,1620.0,1620.0,1620.0,1677.0,0.0,0.0,2787860.0,0.0,0.0,0.0,2787860.0,0.0,2787860.0,0
2023-02-09,1620.0,1620.0,1620.0,1620.0,1677.0,0.0,0.0,2787860.0,0.0,0.0,0.0,2787860.0,0.0,2787860.0,0
2023-02-10,1620.0,1620.0,1620.0,1620.0,1677.0,0.0,0.0,2787860.0,0.0,0.0,0.0,2787860.0,0.0,2787860.0,0
2023-02-13,1620.0,1620.0,1620.0,1620.0,1677.0,0.0,0.0,2787860.0,0.0,0.0,0.0,2787860.0,0.0,2787860.0,0
2023-02-14,1620.0,1620.0,1620.0,1620.0,1677.0,0.0,0.0,2787860.0,0.0,0.0,0.0,2787860.0,0.0,2787860.0,0
2023-02-15,1620.0,1620.0,1620.0,1620.0,1677.0,0.0,0.0,2787860.0,0.0,0.0,0.0,2787860.0,0.0,2787860.0,0
2023-02-16,1620.0,1620.0,1620.0,1620.0,1677.0,0.0,0.0,2787860.0,0.0,0.0,0.0,2787860.0,0.0,2787860.0,0
2023-02-17,1620.0,1620.0,1620.0,1620.0,1677.0,0.0,0.0,2787860.0,0.0,0.0,0.0,2787860.0,0.0,2787860.0,0
2023-02-20,1620.0,1620.0,1620.0,1620.0,1677.0,0.0,0.0,2787860.0,0.0,0.0,0.0,2787860.0,0.0,2787860.0,0
2023-02-21,1620.0,1620.0,1620.0,1620.0,1677.0,0.0,0.0,2787860.0,0.0,0.0,0.0,2787860.0,0.0,2787860.0,0
2023-02-22,1620.0,1620.0,1620.0,1620.0,1677.0,0.0,0.0,2787860.0,0.0,0.0,0.0,2787860.0,0.0,2787860.0,0
2023-02-23,1620.0,1620.0,1620.0,1620.0,1677.0,0.0,0.0,2787860.0,0.0,0.0,0.0,2787860.0,0.0,2787860.0,0
2023-02-24,1620.0,1620.0,1620.0,1620.0,1677.0,0.0,0.0,2787860.0,0.0,0.0,0.0,2787860.0,0.0,2787860.0,0
2023-02-27,1620.0,1620.0,1620.0,1620.0,1677.0,0.0,0.0,2787860.0,0.0,0.0,0.0,2787860.0,0.0,2787860.0,0
2023-02-28,1620.0,1620.0,1620.0,1620.0,1677.0,0.0,0.0,2787860.0,0.0,0.0,0.0,2787860.0,0.0,2787860.0,0
2023-03-02,1620.0,1620.0,1620.0,1620.0,1677.0,0.0,0.0,2787860.0,0.0,0.0,0.0,2787860.0,0.0,2787860.0,0
2023-03-03,1620.0,1620.0,1620.0,1620.0,1677.0,0.0,0.0,2787860.0,0.0,0.0,0.0,2787860.0,0.0,2787860.0,0
2023-03-06,1620.0,1620.0,1620.0,1620.0,1677.0,0.0,0.0,2787860.0,0.0,0.0,0.0,2787860.0,0.0,2787860.0,0
2023-03-07,1620.0,1620.0,1620.0,1620.0,1677.0,0.0,0.0,2787860.0,0.0,0.0,0.0,2787860.0,0.0,2787860.0,0
2023-03-08,1620.0,1620.0,1620.0,1620.0,1677.0,0.0,0.0,2787860.0,0.0,0.0,0.0,2787860.0,0.0,2787860.0,0
2023-03-09,1620.0,1620.0,1620.0,1620.0,1677.0,0.0,0.0,2787860.0,0.0,0.0,0.0,2787860.0,0.0,2787860.0,0
2023-03-10,1620.0,1620.0,1620.0,1620.0,1677.0,0.0,0.0,2787860.0,0.0,0.0,0.0,2787860.0,0.0,2787860.0,0
2023-03-13,1620.0,1620.0,1620.0,1620.0,1677.0,0.0,0.0,2787860.0,0.0,0.0,0.0,2787860.0,0.0,2787860.0,0
2023-03-14,1620.0,1620.0,1620.0,1620.0,1677.0,0.0,0.0,2787860.0,0.0,0.0,0.0,2787860.0,0.0,2787860.0,0
2023-03-15,1620.0,1620.0,1620.0,1620.0,1677.0,0.0,0.0,2787860.0,0.0,0.0,0.0,2787860.0,0.0,2787860.0,0
2023-03-16,1620.0,1620.0,1620.0,1620.0,1677.0,0.0,0.0,2787860.0,0.0,0.0,0.0,2787860.0,0.0,2787860.0,0
2023-03-17,1620.0,1620.0,1620.0,1620.0,1677.0,0.0,0.0,2787860.0,0.0,0.0,0.0,2787860.0,0.0,2787860.0,0
2023-03-20,1620.0,1620.0,1620.0,1620.0,1677.0,0.0,0.0,2787860.0,0.0,0.0,0.0,2787860.0,0.0,2787860.0,0
2023-03-21,1620.0,1620.0,1620.0,1620.0,1677.0,0.0,0.0,2787860.0,0.0,0.0,0.0,2787860.0,0.0,2787860.0,0
2023-03-22,1620.0,1620.0,1620.0,1620.0,1677.0,0.0,0.0,2787860.0,0.0,0.0,0.0,2787860.0,0.0,2787860.0,0
2023-03-23,1620.0,1620.0,1620.0,1620.0,1677.0,0.0,0.0,2787860.0,0.0,0.0,0.0,2787860.0,0.0,2787860.0,0
2023-03-24,1620.0,1620.0,1620.0,1620.0,1677.0,0.0,0.0,2787860.0,0.0,0.0,0.0,2787860.0,0.0,2787860.0,0
2023-03-27,1620.0,1620.0,1620.0,1620.0,1677.0,0.0,0.0,2787860.0,0.0,0.0,0.0,2787860.0,0.0,2787860.0,0
2023-03-28,1620.0,1620.0,1620.0,1620.0,1677.0,0.0,0.0,2787860.0,0.0,0.0,0.0,2787860.0,0.0,2787860.0,0
2023-03-29,1620.0,1620.0,1620.0,1620.0,1677.0,0.0,0.0,2787860.0,0.0,0.0,0.0,2787860.0,0.0,2787860.0,0
2023-03-30,1620.0,1620.0,1620.0,1620.0,1677.0,0.0,0.0,2787860.0,0.0,0.0,0.0,2787860.0,0.0,2787860.0,0
2023-03-31,1620.0,1620.0,1620.0,1620.0,1677.0,0.0,0.0,2787860.0,0.0,0.0,0.0,2787860.0,0.0,2787860.0,0
2023-04-03,1620.0,1620.0,1620.0,1620.0,1677.0,0.0,0.0,2787860.0,0.0,0.0,0.0,2787860.0,0.0,2787860.0,0
2023-04-04,1620.0,1620.0,1620.0,1620.0,1677.0,0.0,0.0,2787860.0,0.0,0.0,0.0,2787860.0,0.0,2787860.0,0
2023-04-05,1620.0,1620.0,1620.0,1620.0,1677.0,0.0,0.0,2787860.0,0.0,0.0,0.0,2787860.0,0.0,2787860.0,0
2023-04-06,1620.0,1620.0,1620.0,1620.0,1677.0,0.0,0.0,2787860.0,0.0,0.0,0.0,2787860.0,0.0,2787860.0,0
2023-04-07,1620.0,1620.0,1620.0,1620.0,1677.0,0.0,0.0,2787860.0,0.0,0.0,0.0,2787860.0,0.0,2787860.0,0
2023-04-10,1620.0,1620.0,1620.0,1620.0,1677.0,0.0,0.0,2787860.0,0.0,0.0,0.0,2787860.0,0.0,2787860.0,0
2023-04-11,1620.0,1620.0,1620.0,1620.0,1677.0,0.0,0.0,2787860.0,0.0,0.0,0.0,2787860.0,0.0,2787860.0,0
2023-04-12,1620.0,1620.0,1620.0,1620.0,1677.0,0.0,0.0,2787860.0,0.0,0.0,0.0,2787860.0,0.0,2787860.0,0
2023-04-13,1620.0,1620.0,1620.0,1620.0,1677.0,0.0,0.0,2787860.0,0.0,0.0,0.0,2787860.0,0.0,2787860.0,0
2023-04-14,1620.0,1620.0,1620.0,1620.0,1677.0,0.0,0.0,2787860.0,0.0,0.0,0.0,2787860.0,0.0,2787860.0,0
2023-04-17,1620.0,1620.0,1620.0,1620.0,1677.0,0.0,0.0,2787860.0,0.0,0.0,0.0,2787860.0,0.0,2787860.0,0
2023-04-18,1620.0,1620.0,1620.0,1620.0,1677.0,0.0,0.0,2787860.0,0.0,0.0,0.0,2787860.0,0.0,2787860.0,0
2023-04-19,1620.0,1620.0,1620.0,1620.0,1677.0,0.0,0.0,2787860.0,0.0,0.0,0.0,2787860.0,0.0,2787860.0,0
2023-04-20,1620.0,1620.0,1620.0,1620.0,1677.0,0.0,0.0,2787860.0,0.0,0.0,0.0,2787860.0,0.0,2787860.0,0
2023-04-21,1620.0,1620.0,1620.0,1620.0,1677.0,0.0,0.0,2787860.0,0.0,0.0,0.0,2787860.0,0.0,2787860.0,0
2023-04-24,1620.0,1620.0,1620.0,1620.0,1677.0,0.0,0.0,2787860.0,0.0,0.0,0.0,2787860.0,0.0,2787860.0,0
2023-04-25,1620.0,1620.0,1620.0,1620.0,1677.0,0.0,0.0,2787860.0,0.0,0.0,0.0,2787860.0,0.0,2787860.0,0
2023-04-26,1620.0,1620.0,1620.0,1620.0,1677.0,0.0,0.0,2787860.0,0.0,0.0,0.0,2787860.0,0.0,2787860.0,0
2023-04-27,1620.0,1620.0,1620.0,1620.0,1677.0,0.0,0.0,2787860.0,0.0,0.0,0.0,2787860.0,0.0,2787860.0,0
2023-04-28,1620.0,1620.0,1620.0,1620.0,1677.0,0.0,0.0,2787860.0,0.0,0.0,0.0,2787860.0,0.0,2787860.0,0
2023-05-02,1620.0,1620.0,1620.0,1620.0,1677.0,0.0,0.0,2787860.0,0.0,0.0,0.0,2787860.0,0.0,2787860.0,0
2023-05-03,1620.0,1620.0,1620.0,1620.0,1677.0,0.0,0.0,2787860.0,0.0,0.0,0.0,2787860.0,0.0,2787860.0,0
2023-05-04,1620.0,1620.0,1620.0,1620.0,1677.0,0.0,0.0,2787860.0,0.0,0.0,0.0,2787860.0,0.0,2787860.0,0
2023-05-08,1620.0,1620.0,1620.0,1620.0,1677.0,0.0,0.0,2787860.0,0.0,0.0,0.0,2787860.0,0.0,2787860.0,0
2023-05-09,1620.0,1620.0,1620.0,1620.0,1677.0,0.0,0.0,2787860.0,0.0,0.0,0.0,2787860.0,0.0,2787860.0,0
2023-05-10,1620.0,1620.0,1620.0,1620.0,1677.0,0.0,0.0,2787860.0,0.0,0.0,0.0,2787860.0,0.0,2787860.0,0
2023-05-11,1620.0,1620.0,1620.0,1620.0,1677.0,0.0,0.0,2787860.0,0.0,0.0,0.0,2787860.0,0.0,2787860.0,0
2023-05-12,1620.0,1620.0,1620.0,1620.0,1677.0,0.0,0.0,2787860.0,0.0,0.0,0.0,2787860.0,0.0,2787860.0,0
2023-05-15,1620.0,1620.0,1620.0,1620.0,1677.0,0.0,0.0,2787860.0,0.0,0.0,0.0,2787860.0,0.0,2787860.0,0
2023-05-16,1620.0,1620.0,1620.0,1620.0,1677.0,0.0,0.0,2787860.0,0.0,0.0,0.0,2787860.0,0.0,2787860.0,0
2023-05-17,1620.0,1620.0,1620.0,1620.0,1677.0,0.0,0.0,2787860.0,0.0,0.0,0.0,2787860.0,0.0,2787860.0,0
2023-05-18,1620.0,1620.0,1620.0,1620.0,1677.0,0.0,0.0,2787860.0,0.0,0.0,0.0,2787860.0,0.0,2787860.0,0
2023-05-19,1620.0,1620.0,1620.0,1620.0,1677.0,0.0,0.0,2787860.0,0.0,0.0,0.0,2787860.0,0.0,2787860.0,0
2023-05-22,1620.0,1620.0,1620.0,1620.0,1677.0,0.0,0.0,2787860.0,0.0,0.0,0.0,2787860.0,0.0,2787860.0,0
2023-05-23,1620.0,1620.0,1620.0,1620.0,1677.0,0.0,0.0,2787860.0,0.0,0.0,0.0,2787860.0,0.0,2787860.0,0
2023-05-24,1620.0,1620.0,1620.0,1620.0,1677.0,0.0,0.0,2787860.0,0.0,0.0,0.0,2787860.0,0.0,2787860.0,0
2023-05-25,1620.0,1620.0,1620.0,1620.0,1677.0,0.0,0.0,2787860.0,0.0,0.0,0.0,2787860.0,0.0,2787860.0,0
2023-05-26,1620.0,1620.0,1620.0,1620.0,1677.0,0.0,0.0,2787860.0,0.0,0.0,0.0,2787860.0,0.0,2787860.0,0
2023-05-30,1620.0,1620.0,1620.0,1620.0,1677.0,0.0,0.0,2787860.0,0.0,0.0,0.0,2787860.0,0.0,2787860.0,0
2023-05-31,1620.0,1620.0,1620.0,1620.0,1677.0,0.0,0.0,2787860.0,0.0,0.0,0.0,2787860.0,0.0,2787860.0,0
2023-06-01,1620.0,1620.0,1620.0,1620.0,1677.0,0.0,0.0,2787860.0,0.0,0.0,0.0,2787860.0,0.0,2787860.0,0
2023-06-02,1620.0,1620.0,1620.0,1620.0,1677.0,0.0,0.0,2787860.0,0.0,0.0,0.0,2787860.0,0.0,2787860.0,0
2023-06-05,1620.0,1620.0,1620.0,1620.0,1677.0,0.0,0.0,2787860.0,0.0,0.0,0.0,2787860.0,0.0,2787860.0,0
2023-06-07,1620.0,1620.0,1620.0,1620.0,1677.0,0.0,0.0,2787860.0,0.0,0.0,0.0,2787860.0,0.0,2787860.0,0
2023-06-08,1620.0,1620.0,1620.0,1620.0,1677.0,0.0,0.0,2787860.0,0.0,0.0,0.0,2787860.0,0.0,2787860.0,0
2023-06-09,1620.0,1620.0,1620.0,1620.0,1677.0,0.0,0.0,2787860.0,0.0,0.0,0.0,2787860.0,0.0,2787860.0,0
2023-06-12,1620.0,1620.0,1620.0,1620.0,1677.0,0.0,0.0,2787860.0,0.0,0.0,0.0,2787860.0,0.0,2787860.0,0
2023-06-13,1620.0,1620.0,1620.0,1620.0,1677.0,0.0,0.0,2787860.0,0.0,0.0,0.0,2787860.0,0.0,2787860.0,0
2023-06-14,1620.0,1620.0,1620.0,1620.0,1677.0,0.0,0.0,2787860.0,0.0,0.0,0.0,2787860.0,0.0,2787860.0,0
2023-06-15,1620.0,1620.0,1620.0,1620.0,1677.0,0.0,0.0,2787860.0,0.0,0.0,0.0,2787860.0,0.0,2787860.0,0
2023-06-16,1620.0,1620.0,1620.0,1620.0,1677.0,0.0,0.0,2787860.0,0.0,0.0,0.0,2787860.0,0.0,2787860.0,0
2023-06-19,1620.0,1620.0,1620.0,1620.0,1677.0,0.0,0.0,2787860.0,0.0,0.0,0.0,2787860.0,0.0,2787860.0,0
2023-06-20,1620.0,1620.0,1620.0,1620.0,1677.0,0.0,0.0,2787860.0,0.0,0.0,0.0,2787860.0,0.0,2787860.0,0
2023-06-21,1620.0,1620.0,1620.0,1620.0,1677.0,0.0,0.0,2787860.0,0.0,0.0,0.0,2787860.0,0.0,2787860.0,0
2023-06-22,1620.0,1620.0,1620.0,1620.0,1677.0,0.0,0.0,2787860.0,0.0,0.0,0.0,2787860.0,0.0,2787860.0,0
2023-06-23,1620.0,1620.0,1620.0,1620.0,1677.0,0.0,0.0,2787860.0,0.0,0.0,0.0,2787860.0,0.0,2787860.0,0
2023-06-26,1620.0,1620.0,1620.0,1620.0,1677.0,0.0,0.0,2787860.0,0.0,0.0,0.0,2787860.0,0.0,2787860.0,0
2023-06-27,1620.0,1620.0,1620.0,1620.0,1677.0,0.0,0.0,2787860.0,0.0,0.0,0.0,2787860.0,0.0,2787860.0,0
2023-06-28,1620.0,1620.0,1620.0,1620.0,1677.0,0.0,0.0,2787860.0,0.0,0.0,0.0,2787860.0,0.0,2787860.0,0
2023-06-29,1620.0,1620.0,1620.0,1620.0,1677.0,0.0,0.0,2787860.0,0.0,0.0,0.0,2787860.0,0.0,2787860.0,0
2023-06-30,1620.0,1620.0,1620.0,1620.0,1677.0,0.0,0.0,2787860.0,0.0,0.0,0.0,2787860.0,0.0,2787860.0,0
2023-07-03,1620.0,1620.0,1620.0,1620.0,1677.0,0.0,0.0,2787860.0,0.0,0.0,0.0,2787860.0,0.0,2787860.0,0
2023-07-04,1620.0,1620.0,1620.0,1620.0,1677.0,0.0,0.0,2787860.0,0.0,0.0,0.0,2787860.0,0.0,2787860.0,0
2023-07-05,1620.0,1620.0,1620.0,1620.0,1677.0,0.0,0.0,2787860.0,0.0,0.0,0.0,2787860.0,0.0,2787860.0,0
2023-07-06,1620.0,1620.0,1620.0,1620.0,1677.0,0.0,0.0,2787860.0,0.0,0.0,0.0,2787860.0,0.0,2787860.0,0
2023-07-07,1620.0,1620.0,1620.0,1620.0,1677.0,0.0,0.0,2787860.0,0.0,0.0,0.0,2787860.0,0.0,2787860.0,0
2023-07-10,1620.0,1620.0,1620.0,1620.0,1677.0,0.0,0.0,2787860.0,0.0,0.0,0.0,2787860.0,0.0,2787860.0,0
2023-07-11,1620.0,1620.0,1620.0,1620.0,1677.0,0.0,0.0,2787860.0,0.0,0.0,0.0,2787860.0,0.0,2787860.0,0
2023-07-12,1620.0,1620.0,1620.0,1620.0,1677.0,0.0,0.0,2787860.0,0.0,0.0,0.0,2787860.0,0.0,2787860.0,0
2023-07-13,1620.0,1620.0,1620.0,1620.0,1677.0,0.0,0.0,2787860.0,0.0,0.0,0.0,2787860.0,0.0,2787860.0,0
2023-07-14,1620.0,1620.0,1620.0,1620.0,1677.0,0.0,0.0,2787860.0,0.0,0.0,0.0,2787860.0,0.0,2787860.0,0
2023-07-17,1620.0,1620.0,1620.0,1620.0,1677.0,0.0,0.0,2787860.0,0.0,0.0,0.0,2787860.0,0.0,2787860.0,0
2023-07-18,1620.0,1620.0,1620.0,1620.0,1677.0,0.0,0.0,2787860.0,0.0,0.0,0.0,2787860.0,0.0,2787860.0,0
2023-07-19,1620.0,1620.0,1620.0,1620.0,1677.0,0.0,0.0,2787860.0,0.0,0.0,0.0,2787860.0,0.0,2787860.0,0
2023-07-20,1620.0,1620.0,1620.0,1620.0,1677.0,0.0,0.0,2787860.0,0.0,0.0,0.0,2787860.0,0.0,2787860.0,0
2023-07-21,1620.0,1620.0,1620.0,1620.0,1677.0,0.0,0.0,2787860.0,0.0,0.0,0.0,2787860.0,0.0,2787860.0,0
2023-07-24,1620.0,1620.0,1620.0,1620.0,1677.0,0.0,0.0,2787860.0,0.0,0.0,0.0,2787860.0,0.0,2787860.0,0
2023-07-25,1620.0,1620.0,1620.0,1620.0,1677.0,0.0,0.0,2787860.0,0.0,0.0,0.0,2787860.0,0.0,2787860.0,0
2023-07-26,1620.0,1620.0,1620.0,1620.0,1677.0,0.0,0.0,2787860.0,0.0,0.0,0.0,2787860.0,0.0,2787860.0,0
2023-07-27,1620.0,1620.0,1620.0,1620.0,1677.0,0.0,0.0,2787860.0,0.0,0.0,0.0,2787860.0,0.0,2787860.0,0
2023-07-28,1620.0,1620.0,1620.0,1620.0,1677.0,0.0,0.0,2787860.0,0.0,0.0,0.0,2787860.0,0.0,2787860.0,0
2023-07-31,1620.0,1620.0,1620.0,1620.0,1677.0,0.0,0.0,2787860.0,0.0,0.0,0.0,2787860.0,0.0,2787860.0,0
2023-08-01,1620.0,1620.0,1620.0,1620.0,1677.0,0.0,0.0,2787860.0,0.0,0.0,0.0,2787860.0,0.0,2787860.0,0
2023-08-02,1620.0,1620.0,1620.0,1620.0,1677.0,0.0,0.0,2787860.0,0.0,0.0,0.0,2787860.0,0.0,2787860.0,0
2023-08-03,1620.0,1620.0,1620.0,1620.0,1677.0,0.0,0.0,2787860.0,0.0,0.0,0.0,2787860.0,0.0,2787860.0,0
2023-08-04,1620.0,1620.0,1620.0,1620.0,1677.0,0.0,0.0,2787860.0,0.0,0.0,0.0,2787860.0,0.0,2787860.0,0
2023-08-07,1620.0,1620.0,1620.0,1620.0,1677.0,0.0,0.0,2787860.0,0.0,0.0,0.0,2787860.0,0.0,2787860.0,0
2023-08-08,1620.0,1620.0,1620.0,1620.0,1677.0,0.0,0.0,2787860.0,0.0,0.0,0.0,2787860.0,0.0,2787860.0,0
2023-08-09,1620.0,1620.0,1620.0,1620.0,1677.0,0.0,0.0,2787860.0,0.0,0.0,0.0,2787860.0,0.0,2787860.0,0
2023-08-10,1620.0,1620.0,1620.0,1620.0,1677.0,0.0,0.0,2787860.0,0.0,0.0,0.0,2787860.0,0.0,2787860.0,0
2023-08-11,1620.0,1620.0,1620.0,1620.0,1677.0,0.0,0.0,2787860.0,0.0,0.0,0.0,2787860.0,0.0,2787860.0,0
2023-08-14,1620.0,1620.0,1620.0,1620.0,1677.0,0.0,0.0,2787860.0,0.0,0.0,0.0,2787860.0,0.0,2787860.0,0
2023-08-16,1620.0,1620.0,1620.0,1620.0,1677.0,0.0,0.0,2787860.0,0.0,0.0,0.0,2787860.0,0.0,2787860.0,0
2023-08-17,1620.0,1620.0,1620.0,1620.0,1677.0,0.0,0.0,2787860.0,0.0,0.0,0.0,2787860.0,0.0,2787860.0,0
2023-08-18,1620.0,1620.0,1620.0,1620.0,1677.0,0.0,0.0,2787860.0,0.0,0.0,0.0,2787860.0,0.0,2787860.0,0
2023-08-21,1620.0,1620.0,1620.0,1620.0,1677.0,0.0,0.0,2787860.0,0.0,0.0,0.0,2787860.0,0.0,2787860.0,0
2023-08-22,1620.0,1620.0,1620.0,1620.0,1677.0,0.0,0.0,2787860.0,0.0,0.0,0.0,2787860.0,0.0,2787860.0,0
2023-08-23,1620.0,1620.0,1620.0,1620.0,1677.0,0.0,0.0,2787860.0,0.0,0.0,0.0,2787860.0,0.0,2787860.0,0
2023-08-24,1620.0,1620.0,1620.0,1620.0,1677.0,0.0,0.0,2787860.0,0.0,0.0,0.0,2787860.0,0.0,2787860.0,0
2023-08-25,1620.0,1620.0,1620.0,1620.0,1677.0,0.0,0.0,2787860.0,0.0,0.0,0.0,2787860.0,0.0,2787860.0,0
2023-08-28,1620.0,1620.0,1620.0,1620.0,1677.0,0.0,0.0,2787860.0,0.0,0.0,0.0,2787860.0,0.0,2787860.0,0
2023-08-29,1620.0,1620.0,1620.0,1620.0,1677.0,0.0,0.0,2787860.0,0.0,0.0,0.0,2787860.0,0.0,2787860.0,0
2023-08-30,1620.0,1620.0,1620.0,1620.0,1677.0,0.0,0.0,2787860.0,0.0,0.0,0.0,2787860.0,0.0,2787860.0,0
2023-08-31,1620.0,1620.0,1620.0,1620.0,1677.0,0.0,0.0,2787860.0,0.0,0.0,0.0,2787860.0,0.0,2787860.0,0
2023-09-01,1620.0,1620.0,1620.0,1620.0,1677.0,0.0,0.0,2787860.0,0.0,0.0,0.0,2787860.0,0.0,2787860.0,0
2023-09-04,1620.0,1620.0,1620.0,1620.0,1677.0,0.0,0.0,2787860.0,0.0,0.0,0.0,2787860.0,0.0,2787860.0,0
2023-09-05,1620.0,1620.0,1620.0,1620.0,1677.0,0.0,0.0,2787860.0,0.0,0.0,0.0,2787860.0,0.0,2787860.0,0
2023-09-06,1620.0,1620.0,1620.0,1620.0,1677.0,0.0,0.0,2787860.0,0.0,0.0,0.0,2787860.0,0.0,2787860.0,0
2023-09-07,1620.0,1620.0,1620.0,1620.0,1677.0,0.0,0.0,2787860.0,0.0,0.0,0.0,2787860.0,0.0,2787860.0,0
2023-09-08,1620.0,1620.0,1620.0,1620.0,1677.0,0.0,0.0,2787860.0,0.0,0.0,0.0,2787860.0,0.0,2787860.0,0
2023-09-11,1620.0,1620.0,1620.0,1620.0,1677.0,0.0,0.0,2787860.0,0.0,0.0,0.0,2787860.0,0.0,2787860.0,0
2023-09-12,1620.0,1620.0,1620.0,1620.0,1677.0,0.0,0.0,2787860.0,0.0,0.0,0.0,2787860.0,0.0,2787860.0,0
2023-09-13,1620.0,1620.0,1620.0,1620.0,1677.0,0.0,0.0,2787860.0,0.0,0.0,0.0,2787860.0,0.0,2787860.0,0
2023-09-14,1620.0,1620.0,1620.0,1620.0,1677.0,0.0,0.0,2787860.0,0.0,0.0,0.0,2787860.0,0.0,2787860.0,0
2023-09-15,1620.0,1620.0,1620.0,1620.0,1677.0,0.0,0.0,2787860.0,0.0,0.0,0.0,2787860.0,0.0,2787860.0,0
2023-09-18,1620.0,1620.0,1620.0,1620.0,1677.0,0.0,0.0,2787860.0,0.0,0.0,0.0,2787860.0,0.0,2787860.0,0
2023-09-19,1620.0,1620.0,1620.0,1620.0,1677.0,0.0,0.0,2787860.0,0.0,0.0,0.0,2787860.0,0.0,2787860.0,0
2023-09-20,1620.0,1620.0,1620.0,1620.0,1677.0,0.0,0.0,2787860.0,0.0,0.0,0.0,2787860.0,0.0,2787860.0,0
2023-09-21,1620.0,1620.0,1620.0,1620.0,1677.0,0.0,0.0,2787860.0,0.0,0.0,0.0,2787860.0,0.0,2787860.0,0
2023-09-22,1620.0,1620.0,1620.0,1620.0,1677.0,0.0,0.0,2787860.0,0.0,0.0,0.0,2787860.0,0.0,2787860.0,0
2023-09-25,1620.0,1620.0,1620.0,1620.0,1677.0,0.0,0.0,2787860.0,0.0,0.0,0.0,2787860.0,0.0,2787860.0,0
2023-09-26,1620.0,1620.0,1620.0,1620.0,1677.0,0.0,0.0,2787860.0,0.0,0.0,0.0,2787860.0,0.0,2787860.0,0
2023-09-27,1620.0,1620.0,1620.0,1620.0,1677.0,0.0,0.0,2787860.0,0.0,0.0,0.0,2787860.0,0.0,2787860.0,0
2023-10-04,1620.0,1620.0,1620.0,1620.0,1677.0,0.0,0.0,2787860.0,0.0,0.0,0.0,2787860.0,0.0,2787860.0,0
2023-10-05,1620.0,1620.0,1620.0,1620.0,1677.0,0.0,0.0,2787860.0,0.0,0.0,0.0,2787860.0,0.0,2787860.0,0
2023-10-06,1620.0,1620.0,1620.0,1620.0,1677.0,0.0,0.0,2787860.0,0.0,0.0,0.0,2787860.0,0.0,2787860.0,0
2023-10-10,1620.0,1620.0,1620.0,1620.0,1677.0,0.0,0.0,2787860.0,0.0,0.0,0.0,2787860.0,0.0,2787860.0,0
2023-10-11,1620.0,1620.0,1620.0,1620.0,1677.0,0.0,0.0,2787860.0,0.0,0.0,0.0,2787860.0,0.0,2787860.0,0
2023-10-12,1620.0,1620.0,1620.0,1620.0,1677.0,0.0,0.0,2787860.0,0.0,0.0,0.0,2787860.0,0.0,2787860.0,0
2023-10-13,1620.0,1620.0,1620.0,1620.0,1677.0,0.0,0.0,2787860.0,0.0,0.0,0.0,2787860.0,0.0,2787860.0,0
2023-10-16,1620.0,1620.0,1620.0,1620.0,1677.0,0.0,0.0,2787860.0,0.0,0.0,0.0,2787860.0,0.0,2787860.0,0
2023-10-17,1620.0,1620.0,1620.0,1620.0,1677.0,0.0,0.0,2787860.0,0.0,0.0,0.0,2787860.0,0.0,2787860.0,0
2023-10-18,1620.0,1620.0,1620.0,1620.0,1677.0,0.0,0.0,2787860.0,0.0,0.0,0.0,2787860.0,0.0,2787860.0,0
2023-10-19,1620.0,1620.0,1620.0,1620.0,1677.0,0.0,0.0,2787860.0,0.0,0.0,0.0,2787860.0,0.0,2787860.0,0
2023-10-20,1620.0,1620.0,1620.0,1620.0,1677.0,0.0,0.0,2787860.0,0.0,0.0,0.0,2787860.0,0.0,2787860.0,0
2023-10-23,1620.0,1620.0,1620.0,1620.0,1677.0,0.0,0.0,2787860.0,0.0,0.0,0.0,2787860.0,0.0,2787860.0,0
2023-10-24,1620.0,1620.0,1620.0,1620.0,1677.0,0.0,0.0,2787860.0,0.0,0.0,0.0,2787860.0,0.0,2787860.0,0
2023-10-25,1620.0,1620.0,1620.0,1620.0,1677.0,0.0,0.0,2787860.0,0.0,0.0,0.0,2787860.0,0.0,2787860.0,0
2023-10-26,1620.0,1620.0,1620.0,1620.0,1677.0,0.0,0.0,2787860.0,0.0,0.0,0.0,2787860.0,0.0,2787860.0,0
2023-10-27,1620.0,1620.0,1620.0,1620.0,1677.0,0.0,0.0,2787860.0,0.0,0.0,0.0,2787860.0,0.0,2787860.0,0
2023-10-30,1620.0,1620.0,1620.0,1620.0,1677.0,0.0,0.0,2787860.0,0.0,0.0,0.0,2787860.0,0.0,2787860.0,0
2023-10-31,1620.0,1620.0,1620.0,1620.0,1677.0,0.0,0.0,2787860.0,0.0,0.0,0.0,2787860.0,0.0,2787860.0,0
2023-11-01,1620.0,1620.0,1620.0,1620.0,1677.0,0.0,0.0,2787860.0,0.0,0.0,0.0,2787860.0,0.0,2787860.0,0
2023-11-02,1620.0,1620.0,1620.0,1620.0,1677.0,0.0,0.0,2787860.0,0.0,0.0,0.0,2787860.0,0.0,2787860.0,0
2023-11-03,1620.0,1620.0,1620.0,1620.0,1677.0,0.0,0.0,2787860.0,0.0,0.0,0.0,2787860.0,0.0,2787860.0,0
2023-11-06,1620.0,1620.0,1620.0,1620.0,1677.0,0.0,0.0,2787860.0,0.0,0.0,0.0,2787860.0,0.0,2787860.0,0
2023-11-07,1620.0,1620.0,1620.0,1620.0,1677.0,0.0,0.0,2787860.0,0.0,0.0,0.0,2787860.0,0.0,2787860.0,0
2023-11-08,1620.0,1620.0,1620.0,1620.0,1677.0,0.0,0.0,2787860.0,0.0,0.0,0.0,2787860.0,0.0,2787860.0,0
2023-11-09,1620.0,1620.0,1620.0,1620.0,1677.0,0.0,0.0,2787860.0,0.0,0.0,0.0,2787860.0,0.0,2787860.0,0
2023-11-10,1620.0,1620.0,1620.0,1620.0,1677.0,0.0,0.0,2787860.0,0.0,0.0,0.0,2787860.0,0.0,2787860.0,0
2023-11-13,1620.0,1620.0,1620.0,1620.0,1677.0,0.0,0.0,2787860.0,0.0,0.0,0.0,2787860.0,0.0,2787860.0,0
2023-11-14,1620.0,1620.0,1620.0,1620.0,1677.0,0.0,0.0,2787860.0,0.0,0.0,0.0,2787860.0,0.0,2787860.0,0
2023-11-15,1620.0,1620.0,1620.0,1620.0,1677.0,0.0,0.0,2787860.0,0.0,0.0,0.0,2787860.0,0.0,2787860.0,0
2023-11-16,1620.0,1620.0,1620.0,1620.0,1677.0,0.0,0.0,2787860.0,0.0,0.0,0.0,2787860.0,0.0,2787860.0,0
2023-11-17,1620.0,1620.0,1620.0,1620.0,1677.0,0.0,0.0,2787860.0,0.0,0.0,0.0,2787860.0,0.0,2787860.0,0
2023-11-20,1620.0,1620.0,1620.0,1620.0,1677.0,0.0,0.0,2787860.0,0.0,0.0,0.0,2787860.0,0.0,2787860.0,0
2023-11-21,1620.0,1620.0,1620.0,1620.0,1677.0,0.0,0.0,2787860.0,0.0,0.0,0.0,2787860.0,0.0,2787860.0,0
2023-11-22,1620.0,1620.0,1620.0,1620.0,1677.0,0.0,0.0,2787860.0,0.0,0.0,0.0,2787860.0,0.0,2787860.0,0
2023-11-23,1620.0,1620.0,1620.0,1620.0,1677.0,0.0,0.0,2787860.0,0.0,0.0,0.0,2787860.0,0.0,2787860.0,0
2023-11-24,1620.0,1620.0,1620.0,1620.0,1677.0,0.0,0.0,2787860.0,0.0,0.0,0.0,2787860.0,0.0,2787860.0,0
2023-11-27,1620.0,1620.0,1620.0,1620.0,1677.0,0.0,0.0,2787860.0,0.0,0.0,0.0,2787860.0,0.0,2787860.0,0
2023-11-28,1620.0,1620.0,1620.0,1620.0,1677.0,0.0,0.0,2787860.0,0.0,0.0,0.0,2787860.0,0.0,2787860.0,0
2023-11-29,1620.0,1620.0,1620.0,1620.0,1677.0,0.0,0.0,2787860.0,0.0,0.0,0.0,2787860.0,0.0,2787860.0,0
2023-11-30,1620.0,1620.0,1620.0,1620.0,1677.0,0.0,0.0,2787860.0,0.0,0.0,0.0,2787860.0,0.0,2787860.0,0
2023-12-01,1620.0,1620.0,1620.0,1620.0,1677.0,0.0,0.0,2787860.0,0.0,0.0,0.0,2787860.0,0.0,2787860.0,0
2023-12-04,1620.0,1620.0,1620.0,1620.0,1677.0,0.0,0.0,2787860.0,0.0,0.0,0.0,2787860.0,0.0,2787860.0,0
2023-12-05,1620.0,1620.0,1620.0,1620.0,1677.0,0.0,0.0,2787860.0,0.0,0.0,0.0,2787860.0,0.0,2787860.0,0
2023-12-06,1620.0,1620.0,1620.0,1620.0,1677.0,0.0,0.0,2787860.0,0.0,0.0,0.0,2787860.0,0.0,2787860.0,0
2023-12-07,1620.0,1620.0,1620.0,1620.0,1677.0,0.0,0.0,2787860.0,0.0,0.0,0.0,2787860.0,0.0,2787860.0,0
2023-12-08,1620.0,1620.0,1620.0,1620.0,1677.0,0.0,0.0,2787860.0,0.0,0.0,0.0,2787860.0,0.0,2787860.0,0
2023-12-11,1620.0,1620.0,1620.0,1620.0,1677.0,0.0,0.0,2787860.0,0.0,0.0,0.0,2787860.0,0.0,2787860.0,0
2023-12-12,1620.0,1620.0,1620.0,1620.0,1677.0,0.0,0.0,2787860.0,0.0,0.0,0.0,2787860.0,0.0,2787860.0,0
2023-12-13,1620.0,1620.0,1620.0,1620.0,1677.0,0.0,0.0,2787860.0,0.0,0.0,0.0,2787860.0,0.0,2787860.0,0
2023-12-14,1620.0,1620.0,1620.0,1620.0,1677.0,0.0,0.0,2787860.0,0.0,0.0,0.0,2787860.0,0.0,2787860.0,0
2023-12-15,1620.0,1620.0,1620.0,1620.0,1677.0,0.0,0.0,2787860.0,0.0,0.0,0.0,2787860.0,0.0,2787860.0,0
2023-12-18,1620.0,1620.0,1620.0,1620.0,1677.0,0.0,0.0,2787860.0,0.0,0.0,0.0,2787860.0,0.0,2787860.0,0
2023-12-19,1620.0,1620.0,1620.0,1620.0,1677.0,0.0,0.0,2787860.0,0.0,0.0,0.0,2787860.0,0.0,2787860.0,0
2023-12-20,1620.0,1620.0,1620.0,1620.0,1677.0,0.0,0.0,2787860.0,0.0,0.0,0.0,2787860.0,0.0,2787860.0,0
2023-12-21,1620.0,1620.0,1620.0,1620.0,1677.0,0.0,0.0,2787860.0,0.0,0.0,0.0,2787860.0,0.0,2787860.0,0
2023-12-22,1620.0,1620.0,1620.0,1620.0,1677.0,0.0,0.0,2787860.0,0.0,0.0,0.0,2787860.0,0.0,2787860.0,0
2023-12-26,1620.0,1620.0,1620.0,1620.0,1677.0,0.0,0.0,2787860.0,0.0,0.0,0.0,2787860.0,0.0,2787860.0,0
2023-12-27,1620.0,1620.0,1620.0,1620.0,1677.0,0.0,0.0,2787860.0,0.0,0.0,0.0,2787860.0,0.0,2787860.0,0
2023-12-28,1620.0,1620.0,1620.0,1620.0,1677.0,0.0,0.0,2787860.0,0.0,0.0,0.0,2787860.0,0.0,2787860.0,0
2024-01-02,1620.0,1620.0,1620.0,1620.0,1677.0,0.0,0.0,2787860.0,0.0,0.0,0.0,2787860.0,0.0,2787860.0,0
2024-01-03,1620.0,1620.0,1620.0,1620.0,1677.0,0.0,0.0,2787860.0,0.0,0.0,0.0,2787860.0,0.0,2787860.0,0
2024-01-04,1620.0,1620.0,1620.0,1620.0,1677.0,0.0,0.0,2787860.0,0.0,0.0,0.0,2787860.0,0.0,2787860.0,0
2024-01-05,1620.0,1620.0,1620.0,1620.0,1677.0,0.0,0.0,2787860.0,0.0,0.0,0.0,2787860.0,0.0,2787860.0,0
2024-01-08,1620.0,1620.0,1620.0,1620.0,1677.0,0.0,0.0,2787860.0,0.0,0.0,0.0,2787860.0,0.0,2787860.0,0
2024-01-09,1620.0,1620.0,1620.0,1620.0,1677.0,0.0,0.0,2787860.0,0.0,0.0,0.0,2787860.0,0.0,2787860.0,0
2024-01-10,1620.0,1620.0,1620.0,1620.0,1677.0,0.0,0.0,2787860.0,0.0,0.0,0.0,2787860.0,0.0,2787860.0,0
2024-01-11,1620.0,1620.0,1620.0,1620.0,1677.0,0.0,0.0,2787860.0,0.0,0.0,0.0,2787860.0,0.0,2787860.0,0
2024-01-12,1620.0,1620.0,1620.0,1620.0,1677.0,0.0,0.0,2787860.0,0.0,0.0,0.0,2787860.0,0.0,2787860.0,0
2024-01-15,1620.0,1620.0,1620.0,1620.0,1677.0,0.0,0.0,2787860.0,0.0,0.0,0.0,2787860.0,0.0,2787860.0,0
2024-01-16,1620.0,1620.0,1620.0,1620.0,1677.0,0.0,0.0,2787860.0,0.0,0.0,0.0,2787860.0,0.0,2787860.0,0
2024-01-17,1620.0,1620.0,1620.0,1620.0,1677.0,0.0,0.0,2787860.0,0.0,0.0,0.0,2787860.0,0.0,2787860.0,0
2024-01-18,1620.0,1620.0,1620.0,1620.0,1677.0,0.0,0.0,2787860.0,0.0,0.0,0.0,2787860.0,0.0,2787860.0,0
2024-01-19,1620.0,1620.0,1620.0,1620.0,1677.0,0.0,0.0,2787860.0,0.0,0.0,0.0,2787860.0,0.0,2787860.0,0
2024-01-22,1620.0,1620.0,1620.0,1620.0,1677.0,0.0,0.0,2787860.0,0.0,0.0,0.0,2787860.0,0.0,2787860.0,0
2024-01-23,1620.0,1620.0,1620.0,1620.0,1677.0,0.0,0.0,2787860.0,0.0,0.0,0.0,2787860.0,0.0,2787860.0,0
2024-01-24,1620.0,1620.0,1620.0,1620.0,1677.0,0.0,0.0,2787860.0,0.0,0.0,0.0,2787860.0,0.0,2787860.0,0
2024-01-25,1620.0,1620.0,1620.0,1620.0,1677.0,0.0,0.0,2787860.0,0.0,0.0,0.0,2787860.0,0.0,2787860.0,0
2024-01-26,1620.0,1620.0,1620.0,1620.0,1677.0,0.0,0.0,2787860.0,0.0,0.0,0.0,2787860.0,0.0,2787860.0,0
2024-01-29,1620.0,1620.0,1620.0,1620.0,1677.0,0.0,0.0,2787860.0,0.0,0.0,0.0,2787860.0,0.0,2787860.0,0
2024-01-30,1620.0,1620.0,1620.0,1620.0,1677.0,0.0,0.0,2787860.0,0.0,0.0,0.0,2787860.0,0.0,2787860.0,0
2024-01-31,1620.0,1620.0,1620.0,1620.0,1677.0,0.0,0.0,2787860.0,0.0,0.0,0.0,2787860.0,0.0,2787860.0,0
2024-02-01,1620.0,1620.0,1620.0,1620.0,1677.0,0.0,0.0,2787860.0,0.0,0.0,0.0,2787860.0,0.0,2787860.0,0
2024-02-02,1620.0,1620.0,1620.0,1620.0,1677.0,0.0,0.0,2787860.0,0.0,0.0,0.0,2787860.0,0.0,2787860.0,0
2024-02-05,1620.0,1620.0,1620.0,1620.0,1677.0,0.0,0.0,2787860.0,0.0,0.0,0.0,2787860.0,0.0,2787860.0,0
2024-02-06,1620.0,1620.0,1620.0,1620.0,1677.0,0.0,0.0,2787860.0,0.0,0.0,0.0,2787860.0,0.0,2787860.0,0
2024-02-07,1620.0,1620.0,1620.0,1620.0,1677.0,0.0,0.0,2787860.0,0.0,0.0,0.0,2787860.0,0.0,2787860.0,0
2024-02-08,1620.0,1620.0,1620.0,1620.0,1677.0,0.0,0.0,2787860.0,0.0,0.0,0.0,2787860.0,0.0,2787860.0,0
2024-02-13,1620.0,1620.0,1620.0,1620.0,1677.0,0.0,0.0,2787860.0,0.0,0.0,0.0,2787860.0,0.0,2787860.0,0
2024-02-14,1620.0,1620.0,1620.0,1620.0,1677.0,0.0,0.0,2787860.0,0.0,0.0,0.0,2787860.0,0.0,2787860.0,0
2024-02-15,1620.0,1620.0,1620.0,1620.0,1677.0,0.0,0.0,2787860.0,0.0,0.0,0.0,2787860.0,0.0,2787860.0,0
2024-02-16,1620.0,1620.0,1620.0,1620.0,1677.0,0.0,0.0,2787860.0,0.0,0.0,0.0,2787860.0,0.0,2787860.0,0
2024-02-19,1620.0,1620.0,1620.0,1620.0,1677.0,0.0,0.0,2787860.0,0.0,0.0,0.0,2787860.0,0.0,2787860.0,0
2024-02-20,1620.0,1620.0,1620.0,1620.0,1677.0,0.0,0.0,2787860.0,0.0,0.0,0.0,2787860.0,0.0,2787860.0,0
2024-02-21,1620.0,1620.0,1620.0,1620.0,1677.0,0.0,0.0,2787860.0,0.0,0.0,0.0,2787860.0,0.0,2787860.0,0
2024-02-22,1620.0,1620.0,1620.0,1620.0,1677.0,0.0,0.0,2787860.0,0.0,0.0,0.0,2787860.0,0.0,2787860.0,0
2024-02-23,1620.0,1620.0,1620.0,1620.0,1677.0,0.0,0.0,2787860.0,0.0,0.0,0.0,2787860.0,0.0,2787860.0,0
2024-02-26,1620.0,1620.0,1620.0,1620.0,1677.0,0.0,0.0,2787860.0,0.0,0.0,0.0,2787860.0,0.0,2787860.0,0
2024-02-27,1620.0,1620.0,1620.0,1620.0,1677.0,0.0,0.0,2787860.0,0.0,0.0,0.0,2787860.0,0.0,2787860.0,0
2024-02-28,1620.0,1620.0,1620.0,1620.0,1677.0,0.0,0.0,2787860.0,0.0,0.0,0.0,2787860.0,0.0,2787860.0,0
2024-02-29,1620.0,1620.0,1620.0,1620.0,1677.0,0.0,0.0,2787860.0,0.0,0.0,0.0,2787860.0,0.0,2787860.0,0
2024-03-04,1620.0,1620.0,1620.0,1620.0,1677.0,0.0,0.0,2787860.0,0.0,0.0,0.0,2787860.0,0.0,2787860.0,0
2024-03-05,1620.0,1620.0,1620.0,1620.0,1677.0,0.0,0.0,2787860.0,0.0,0.0,0.0,2787860.0,0.0,2787860.0,0
2024-03-06,1620.0,1620.0,1620.0,1620.0,1677.0,0.0,0.0,2787860.0,0.0,0.0,0.0,2787860.0,0.0,2787860.0,0
2024-03-07,1620.0,1620.0,1620.0,1620.0,1677.0,0.0,0.0,2787860.0,0.0,0.0,0.0,2787860.0,0.0,2787860.0,0
2024-03-08,1620.0,1620.0,1620.0,1620.0,1677.0,0.0,0.0,2787860.0,0.0,0.0,0.0,2787860.0,0.0,2787860.0,0
2024-03-11,1620.0,1620.0,1620.0,1620.0,1677.0,0.0,0.0,2787860.0,0.0,0.0,0.0,2787860.0,0.0,2787860.0,0
2024-03-12,1620.0,1620.0,1620.0,1620.0,1677.0,0.0,0.0,2787860.0,0.0,0.0,0.0,2787860.0,0.0,2787860.0,0
2024-03-13,1620.0,1620.0,1620.0,1620.0,1677.0,0.0,0.0,2787860.0,0.0,0.0,0.0,2787860.0,0.0,2787860.0,0
2024-03-14,1620.0,1620.0,1620.0,1620.0,1677.0,0.0,0.0,2787860.0,0.0,0.0,0.0,2787860.0,0.0,2787860.0,0
2024-03-15,1620.0,1620.0,1620.0,1620.0,1677.0,0.0,0.0,2787860.0,0.0,0.0,0.0,2787860.0,0.0,2787860.0,0
2024-03-18,1620.0,1620.0,1620.0,1620.0,1677.0,0.0,0.0,2787860.0,0.0,0.0,0.0,2787860.0,0.0,2787860.0,0
2024-03-19,1620.0,1620.0,1620.0,1620.0,1677.0,0.0,0.0,2787860.0,0.0,0.0,0.0,2787860.0,0.0,2787860.0,0
2024-03-20,1620.0,1620.0,1620.0,1620.0,1677.0,0.0,0.0,2787860.0,0.0,0.0,0.0,2787860.0,0.0,2787860.0,0
2024-03-21,1620.0,1620.0,1620.0,1620.0,1677.0,0.0,0.0,2787860.0,0.0,0.0,0.0,2787860.0,0.0,2787860.0,0
2024-03-22,1620.0,1620.0,1620.0,1620.0,1677.0,0.0,0.0,2787860.0,0.0,0.0,0.0,2787860.0,0.0,2787860.0,0
2024-03-25,1620.0,1620.0,1620.0,1620.0,1677.0,0.0,0.0,2787860.0,0.0,0.0,0.0,2787860.0,0.0,2787860.0,0
2024-03-26,1620.0,1620.0,1620.0,1620.0,1677.0,0.0,0.0,2787860.0,0.0,0.0,0.0,2787860.0,0.0,2787860.0,0
2024-03-27,1620.0,1620.0,1620.0,1620.0,1677.0,0.0,0.0,2787860.0,0.0,0.0,0.0,2787860.0,0.0,2787860.0,0
2024-03-28,1620.0,1620.0,1620.0,1620.0,1677.0,0.0,0.0,2787860.0,0.0,0.0,0.0,2787860.0,0.0,2787860.0,0
2024-03-29,1620.0,1620.0,1620.0,1620.0,1677.0,0.0,0.0,2787860.0,0.0,0.0,0.0,2787860.0,0.0,2787860.0,0
2024-04-01,1620.0,1620.0,1620.0,1620.0,1677.0,0.0,0.0,2787860.0,0.0,0.0,0.0,2787860.0,0.0,2787860.0,0
2024-04-02,1620.0,1620.0,1620.0,1620.0,1677.0,0.0,0.0,2787860.0,0.0,0.0,0.0,2787860.0,0.0,2787860.0,0
2024-04-03,1620.0,1620.0,1620.0,1620.0,1677.0,0.0,0.0,2787860.0,0.0,0.0,0.0,2787860.0,0.0,2787860.0,0
2024-04-04,1620.0,1620.0,1620.0,1620.0,1677.0,0.0,0.0,2787860.0,0.0,0.0,0.0,2787860.0,0.0,2787860.0,0
2024-04-05,1620.0,1620.0,1620.0,1620.0,1677.0,0.0,0.0,2787860.0,0.0,0.0,0.0,2787860.0,0.0,2787860.0,0
2024-04-08,1620.0,1620.0,1620.0,1620.0,1677.0,0.0,0.0,2787860.0,0.0,0.0,0.0,2787860.0,0.0,2787860.0,0
2024-04-09,1620.0,1620.0,1620.0,1620.0,1677.0,0.0,0.0,2787860.0,0.0,0.0,0.0,2787860.0,0.0,2787860.0,0
2024-04-11,1620.0,1620.0,1620.0,1620.0,1677.0,0.0,0.0,2787860.0,0.0,0.0,0.0,2787860.0,0.0,2787860.0,0
2024-04-12,1620.0,1620.0,1620.0,1620.0,1677.0,0.0,0.0,2787860.0,0.0,0.0,0.0,2787860.0,0.0,2787860.0,0
2024-04-15,1620.0,1620.0,1620.0,1620.0,1677.0,0.0,0.0,2787860.0,0.0,0.0,0.0,2787860.0,0.0,2787860.0,0
2024-04-16,1620.0,1620.0,1620.0,1620.0,1677.0,0.0,0.0,2787860.0,0.0,0.0,0.0,2787860.0,0.0,2787860.0,0
2024-04-17,1620.0,1620.0,1620.0,1620.0,1677.0,0.0,0.0,2787860.0,0.0,0.0,0.0,2787860.0,0.0,2787860.0,0
2024-04-18,1620.0,1620.0,1620.0,1620.0,1677.0,0.0,0.0,2787860.0,0.0,0.0,0.0,2787860.0,0.0,2787860.0,0
2024-04-19,1620.0,1620.0,1620.0,1620.0,1677.0,0.0,0.0,2787860.0,0.0,0.0,0.0,2787860.0,0.0,2787860.0,0
2024-04-22,1620.0,1620.0,1620.0,1620.0,1677.0,0.0,0.0,2787860.0,0.0,0.0,0.0,2787860.0,0.0,2787860.0,0
2024-04-23,1620.0,1620.0,1620.0,1620.0,1677.0,0.0,0.0,2787860.0,0.0,0.0,0.0,2787860.0,0.0,2787860.0,0
2024-04-24,1620.0,1620.0,1620.0,1620.0,1677.0,0.0,0.0,2787860.0,0.0,0.0,0.0,2787860.0,0.0,2787860.0,0
2024-04-25,1620.0,1620.0,1620.0,1620.0,1677.0,0.0,0.0,2787860.0,0.0,0.0,0.0,2787860.0,0.0,2787860.0,0
2024-04-26,1620.0,1620.0,1620.0,1620.0,1677.0,0.0,0.0,2787860.0,0.0,0.0,0.0,2787860.0,0.0,2787860.0,0
2024-04-29,1620.0,1620.0,1620.0,1620.0,1677.0,0.0,0.0,2787860.0,0.0,0.0,0.0,2787860.0,0.0,2787860.0,0
2024-04-30,1620.0,1620.0,1620.0,1620.0,1677.0,0.0,0.0,2787860.0,0.0,0.0,0.0,2787860.0,0.0,2787860.0,0
2024-05-02,1620.0,1620.0,1620.0,1620.0,1677.0,0.0,0.0,2787860.0,0.0,0.0,0.0,2787860.0,0.0,2787860.0,0
2024-05-03,1620.0,1620.0,1620.0,1620.0,1677.0,0.0,0.0,2787860.0,0.0,0.0,0.0,2787860.0,0.0,2787860.0,0
2024-05-07,1620.0,1620.0,1620.0,1620.0,1677.0,0.0,0.0,2787860.0,0.0,0.0,0.0,2787860.0,0.0,2787860.0,0
2024-05-08,1620.0,1620.0,1620.0,1620.0,1677.0,0.0,0.0,2787860.0,0.0,0.0,0.0,2787860.0,0.0,2787860.0,0
2024-05-09,1620.0,1620.0,1620.0,1620.0,1677.0,0.0,0.0,2787860.0,0.0,0.0,0.0,2787860.0,0.0,2787860.0,0
2024-05-10,1620.0,1620.0,1620.0,1620.0,1677.0,0.0,0.0,2787860.0,0.0,0.0,0.0,2787860.0,0.0,2787860.0,0
2024-05-13,1620.0,1620.0,1620.0,1620.0,1677.0,0.0,0.0,2787860.0,0.0,0.0,0.0,2787860.0,0.0,2787860.0,0
2024-05-14,1620.0,1620.0,1620.0,1620.0,1677.0,0.0,0.0,2787860.0,0.0,0.0,0.0,2787860.0,0.0,2787860.0,0
2024-05-16,1620.0,1620.0,1620.0,1620.0,1677.0,0.0,0.0,2787860.0,0.0,0.0,0.0,2787860.0,0.0,2787860.0,0
2024-05-17,1620.0,1620.0,1620.0,1620.0,1677.0,0.0,0.0,2787860.0,0.0,0.0,0.0,2787860.0,0.0,2787860.0,0
2024-05-20,1620.0,1620.0,1620.0,1620.0,1677.0,0.0,0.0,2787860.0,0.0,0.0,0.0,2787860.0,0.0,2787860.0,0
2024-05-21,1620.0,1620.0,1620.0,1620.0,1677.0,0.0,0.0,2787860.0,0.0,0.0,0.0,2787860.0,0.0,2787860.0,0
2024-05-22,1620.0,1620.0,1620.0,1620.0,1677.0,0.0,0.0,2787860.0,0.0,0.0,0.0,2787860.0,0.0,2787860.0,0
2024-05-23,1620.0,1620.0,1620.0,1620.0,1677.0,0.0,0.0,2787860.0,0.0,0.0,0.0,2787860.0,0.0,2787860.0,0
2024-05-24,1620.0,1620.0,1620.0,1620.0,1677.0,0.0,0.0,2787860.0,0.0,0.0,0.0,2787860.0,0.0,2787860.0,0
2024-05-27,1620.0,1620.0,1620.0,1620.0,1677.0,0.0,0.0,2787860.0,0.0,0.0,0.0,2787860.0,0.0,2787860.0,0
2024-05-28,1620.0,1620.0,1620.0,1620.0,1677.0,0.0,0.0,2787860.0,0.0,0.0,0.0,2787860.0,0.0,2787860.0,0
2024-05-29,1620.0,1620.0,1620.0,1620.0,1677.0,0.0,0.0,2787860.0,0.0,0.0,0.0,2787860.0,0.0,2787860.0,0
2024-05-30,1620.0,1620.0,1620.0,1620.0,1677.0,0.0,0.0,2787860.0,0.0,0.0,0.0,2787860.0,0.0,2787860.0,0
2024-05-31,1620.0,1620.0,1620.0,1620.0,1677.0,0.0,0.0,2787860.0,0.0,0.0,0.0,2787860.0,0.0,2787860.0,0
2024-06-03,1620.0,1620.0,1620.0,1620.0,1677.0,0.0,0.0,2787860.0,0.0,0.0,0.0,2787860.0,0.0,2787860.0,0
2024-06-04,1620.0,1620.0,1620.0,1620.0,1677.0,0.0,0.0,2787860.0,0.0,0.0,0.0,2787860.0,0.0,2787860.0,0
2024-06-05,1620.0,1620.0,1620.0,1620.0,1677.0,0.0,0.0,2787860.0,0.0,0.0,0.0,2787860.0,0.0,2787860.0,0
2024-06-07,1620.0,1620.0,1620.0,1620.0,1677.0,0.0,0.0,2787860.0,0.0,0.0,0.0,2787860.0,0.0,2787860.0,0
2024-06-10,1620.0,1620.0,1620.0,1620.0,1677.0,0.0,0.0,2787860.0,0.0,0.0,0.0,2787860.0,0.0,2787860.0,0
2024-06-11,1620.0,1620.0,1620.0,1620.0,1677.0,0.0,0.0,2787860.0,0.0,0.0,0.0,2787860.0,0.0,2787860.0,0
2024-06-12,1620.0,1620.0,1620.0,1620.0,1677.0,0.0,0.0,2787860.0,0.0,0.0,0.0,2787860.0,0.0,2787860.0,0
2024-06-13,1620.0,1620.0,1620.0,1620.0,1677.0,0.0,0.0,2787860.0,0.0,0.0,0.0,2787860.0,0.0,2787860.0,0
2024-06-14,1620.0,1620.0,1620.0,1620.0,1677.0,0.0,0.0,2787860.0,0.0,0.0,0.0,2787860.0,0.0,2787860.0,0
2024-06-17,1620.0,1620.0,1620.0,1620.0,1677.0,0.0,0.0,2787860.0,0.0,0.0,0.0,2787860.0,0.0,2787860.0,0
2024-06-18,1620.0,1620.0,1620.0,1620.0,1677.0,0.0,0.0,2787860.0,0.0,0.0,0.0,2787860.0,0.0,2787860.0,0
2024-06-19,1620.0,1620.0,1620.0,1620.0,1677.0,0.0,0.0,2787860.0,0.0,0.0,0.0,2787860.0,0.0,2787860.0,0
2024-06-20,1620.0,1620.0,1620.0,1620.0,1677.0,0.0,0.0,2787860.0,0.0,0.0,0.0,2787860.0,0.0,2787860.0,0
2024-06-21,1620.0,1620.0,1620.0,1620.0,1677.0,0.0,0.0,2787860.0,0.0,0.0,0.0,2787860.0,0.0,2787860.0,0
2024-06-24,1620.0,1620.0,1620.0,1620.0,1677.0,0.0,0.0,2787860.0,0.0,0.0,0.0,2787860.0,0.0,2787860.0,0
2024-06-25,1620.0,1620.0,1620.0,1620.0,1677.0,0.0,0.0,2787860.0,0.0,0.0,0.0,2787860.0,0.0,2787860.0,0
2024-06-26,1620.0,1620.0,1620.0,1620.0,1677.0,0.0,0.0,2787860.0,0.0,0.0,0.0,2787860.0,0.0,2787860.0,0
2024-06-27,1620.0,1620.0,1620.0,1620.0,1677.0,0.0,0.0,2787860.0,0.0,0.0,0.0,2787860.0,0.0,2787860.0,0
2024-06-28,1620.0,1620.0,1620.0,1620.0,1677.0,0.0,0.0,2787860.0,0.0,0.0,0.0,2787860.0,0.0,2787860.0,0
2024-07-01,1620.0,1620.0,1620.0,1620.0,1677.0,0.0,0.0,2787860.0,0.0,0.0,0.0,2787860.0,0.0,2787860.0,0
2024-07-02,1620.0,1620.0,1620.0,1620.0,1677.0,0.0,0.0,2787860.0,0.0,0.0,0.0,2787860.0,0.0,2787860.0,0
2024-07-03,1620.0,1620.0,1620.0,1620.0,1677.0,0.0,0.0,2787860.0,0.0,0.0,0.0,2787860.0,0.0,2787860.0,0
2024-07-04,1620.0,1620.0,1620.0,1620.0,1677.0,0.0,0.0,2787860.0,0.0,0.0,0.0,2787860.0,0.0,2787860.0,0
2024-07-05,1620.0,1620.0,1620.0,1620.0,1677.0,0.0,0.0,2787860.0,0.0,0.0,0.0,2787860.0,0.0,2787860.0,0
2024-07-08,1620.0,1620.0,1620.0,1620.0,1677.0,0.0,0.0,2787860.0,0.0,0.0,0.0,2787860.0,0.0,2787860.0,0
2024-07-09,1620.0,1620.0,1620.0,1620.0,1677.0,0.0,0.0,2787860.0,0.0,0.0,0.0,2787860.0,0.0,2787860.0,0
2024-07-10,1620.0,1620.0,1620.0,1620.0,1677.0,0.0,0.0,2787860.0,0.0,0.0,0.0,2787860.0,0.0,2787860.0,0
2024-07-11,1620.0,1620.0,1620.0,1620.0,1677.0,0.0,0.0,2787860.0,0.0,0.0,0.0,2787860.0,0.0,2787860.0,0
2024-07-12,1620.0,1620.0,1620.0,1620.0,1677.0,0.0,0.0,2787860.0,0.0,0.0,0.0,2787860.0,0.0,2787860.0,0
2024-07-15,1620.0,1620.0,1620.0,1620.0,1677.0,0.0,0.0,2787860.0,0.0,0.0,0.0,2787860.0,0.0,2787860.0,0
2024-07-16,1620.0,1620.0,1620.0,1620.0,1677.0,0.0,0.0,2787860.0,0.0,0.0,0.0,2787860.0,0.0,2787860.0,0
2024-07-17,1620.0,1620.0,1620.0,1620.0,1677.0,0.0,0.0,2787860.0,0.0,0.0,0.0,2787860.0,0.0,2787860.0,0
2024-07-18,1620.0,1620.0,1620.0,1620.0,1677.0,0.0,0.0,2787860.0,0.0,0.0,0.0,2787860.0,0.0,2787860.0,0
2024-07-19,1620.0,1620.0,1620.0,1620.0,1677.0,0.0,0.0,2787860.0,0.0,0.0,0.0,2787860.0,0.0,2787860.0,0
2024-07-22,1620.0,1620.0,1620.0,1620.0,1677.0,0.0,0.0,2787860.0,0.0,0.0,0.0,2787860.0,0.0,2787860.0,0
2024-07-23,1620.0,1620.0,1620.0,1620.0,1677.0,0.0,0.0,2787860.0,0.0,0.0,0.0,2787860.0,0.0,2787860.0,0
2024-07-24,1620.0,1620.0,1620.0,1620.0,1677.0,0.0,0.0,2787860.0,0.0,0.0,0.0,2787860.0,0.0,2787860.0,0
2024-07-25,1620.0,1620.0,1620.0,1620.0,1677.0,0.0,0.0,2787860.0,0.0,0.0,0.0,2787860.0,0.0,2787860.0,0
2024-07-26,1620.0,1620.0,1620.0,1620.0,1677.0,0.0,0.0,2787860.0,0.0,0.0,0.0,2787860.0,0.0,2787860.0,0
2024-07-29,1620.0,1620.0,1620.0,1620.0,1677.0,0.0,0.0,2787860.0,0.0,0.0,0.0,2787860.0,0.0,2787860.0,0
2024-07-30,1620.0,1620.0,1620.0,1620.0,1677.0,0.0,0.0,2787860.0,0.0,0.0,0.0,2787860.0,0.0,2787860.0,0
2024-07-31,1620.0,1620.0,1620.0,1620.0,1677.0,0.0,0.0,2787860.0,0.0,0.0,0.0,2787860.0,0.0,2787860.0,0
2024-08-01,1620.0,1620.0,1620.0,1620.0,1677.0,0.0,0.0,2787860.0,0.0,0.0,0.0,2787860.0,0.0,2787860.0,0
2024-08-02,1620.0,1620.0,1620.0,1620.0,1677.0,0.0,0.0,2787860.0,0.0,0.0,0.0,2787860.0,0.0,2787860.0,0
2024-08-05,1620.0,1620.0,1620.0,1620.0,1677.0,0.0,0.0,2787860.0,0.0,0.0,0.0,2787860.0,0.0,2787860.0,0
2024-08-06,1620.0,1620.0,1620.0,1620.0,1677.0,0.0,0.0,2787860.0,0.0,0.0,0.0,2787860.0,0.0,2787860.0,0
2024-08-07,1620.0,1620.0,1620.0,1620.0,1677.0,0.0,0.0,2787860.0,0.0,0.0,0.0,2787860.0,0.0,2787860.0,0
2024-08-08,1620.0,1620.0,1620.0,1620.0,1677.0,0.0,0.0,2787860.0,0.0,0.0,0.0,2787860.0,0.0,2787860.0,0
2024-08-09,1620.0,1620.0,1620.0,1620.0,1677.0,0.0,0.0,2787860.0,0.0,0.0,0.0,2787860.0,0.0,2787860.0,0
2024-08-12,1620.0,1620.0,1620.0,1620.0,1677.0,0.0,0.0,2787860.0,0.0,0.0,0.0,2787860.0,0.0,2787860.0,0
2024-08-13,1620.0,1620.0,1620.0,1620.0,1677.0,0.0,0.0,2787860.0,0.0,0.0,0.0,2787860.0,0.0,2787860.0,0
2024-08-14,1620.0,1620.0,1620.0,1620.0,1677.0,0.0,0.0,2787860.0,0.0,0.0,0.0,2787860.0,0.0,2787860.0,0
2024-08-16,1620.0,1620.0,1620.0,1620.0,1677.0,0.0,0.0,2787860.0,0.0,0.0,0.0,2787860.0,0.0,2787860.0,0
2024-08-19,1620.0,1620.0,1620.0,1620.0,1677.0,0.0,0.0,2787860.0,0.0,0.0,0.0,2787860.0,0.0,2787860.0,0
2024-08-20,1620.0,1620.0,1620.0,1620.0,1677.0,0.0,0.0,2787860.0,0.0,0.0,0.0,2787860.0,0.0,2787860.0,0
2024-08-21,1620.0,1620.0,1620.0,1620.0,1677.0,0.0,0.0,2787860.0,0.0,0.0,0.0,2787860.0,0.0,2787860.0,0
2024-08-22,1620.0,1620.0,1620.0,1620.0,1677.0,0.0,0.0,2787860.0,0.0,0.0,0.0,2787860.0,0.0,2787860.0,0
2024-08-23,1620.0,1620.0,1620.0,1620.0,1677.0,0.0,0.0,2787860.0,0.0,0.0,0.0,2787860.0,0.0,2787860.0,0
2024-08-26,1620.0,1620.0,1620.0,1620.0,1677.0,0.0,0.0,2787860.0,0.0,0.0,0.0,2787860.0,0.0,2787860.0,0
2024-08-27,1620.0,1620.0,1620.0,1620.0,1677.0,0.0,0.0,2787860.0,0.0,0.0,0.0,2787860.0,0.0,2787860.0,0
2024-08-28,1620.0,1620.0,1620.0,1620.0,1677.0,0.0,0.0,2787860.0,0.0,0.0,0.0,2787860.0,0.0,2787860.0,0
2024-08-29,1620.0,1620.0,1620.0,1620.0,1677.0,0.0,0.0,2787860.0,0.0,0.0,0.0,2787860.0,0.0,2787860.0,0
2024-08-30,1620.0,1620.0,1620.0,1620.0,1677.0,0.0,0.0,2787860.0,0.0,0.0,0.0,2787860.0,0.0,2787860.0,0
2024-09-02,1620.0,1620.0,1620.0,1620.0,1677.0,0.0,0.0,2787860.0,0.0,0.0,0.0,2787860.0,0.0,2787860.0,0
2024-09-03,1620.0,1620.0,1620.0,1620.0,1677.0,0.0,0.0,2787860.0,0.0,0.0,0.0,2787860.0,0.0,2787860.0,0
2024-09-04,1620.0,1620.0,1620.0,1620.0,1677.0,0.0,0.0,2787860.0,0.0,0.0,0.0,2787860.0,0.0,2787860.0,0
2024-09-05,1620.0,1620.0,1620.0,1620.0,1677.0,0.0,0.0,2787860.0,0.0,0.0,0.0,2787860.0,0.0,2787860.0,0
2024-09-06,1620.0,1620.0,1620.0,1620.0,1677.0,0.0,0.0,2787860.0,0.0,0.0,0.0,2787860.0,0.0,2787860.0,0
2024-09-09,1620.0,1620.0,1620.0,1620.0,1677.0,0.0,0.0,2787860.0,0.0,0.0,0.0,2787860.0,0.0,2787860.0,0
2024-09-10,1620.0,1620.0,1620.0,1620.0,1677.0,0.0,0.0,2787860.0,0.0,0.0,0.0,2787860.0,0.0,2787860.0,0
2024-09-11,1620.0,1620.0,1620.0,1620.0,1677.0,0.0,0.0,2787860.0,0.0,0.0,0.0,2787860.0,0.0,2787860.0,0
2024-09-12,1620.0,1620.0,1620.0,1620.0,1677.0,0.0,0.0,2787860.0,0.0,0.0,0.0,2787860.0,0.0,2787860.0,0
2024-09-13,1620.0,1620.0,1620.0,1620.0,1677.0,0.0,0.0,2787860.0,0.0,0.0,0.0,2787860.0,0.0,2787860.0,0
2024-09-19,1620.0,1620.0,1620.0,1620.0,1677.0,0.0,0.0,2787860.0,0.0,0.0,0.0,2787860.0,0.0,2787860.0,0
2024-09-20,1620.0,1620.0,1620.0,1620.0,1677.0,0.0,0.0,2787860.0,0.0,0.0,0.0,2787860.0,0.0,2787860.0,0
2024-09-23,1620.0,1620.0,1620.0,1620.0,1677.0,0.0,0.0,2787860.0,0.0,0.0,0.0,2787860.0,0.0,2787860.0,0
2024-09-24,1620.0,1620.0,1620.0,1620.0,1677.0,0.0,0.0,2787860.0,0.0,0.0,0.0,2787860.0,0.0,2787860.0,0
2024-09-25,1620.0,1620.0,1620.0,1620.0,1677.0,0.0,0.0,2787860.0,0.0,0.0,0.0,2787860.0,0.0,2787860.0,0
2024-09-26,1620.0,1620.0,1620.0,1620.0,1677.0,0.0,0.0,2787860.0,0.0,0.0,0.0,2787860.0,0.0,2787860.0,0
2024-09-27,1620.0,1620.0,1620.0,1620.0,1677.0,0.0,0.0,2787860.0,0.0,0.0,0.0,2787860.0,0.0,2787860.0,0
2024-09-30,1620.0,1620.0,1620.0,1620.0,1677.0,0.0,0.0,2787860.0,0.0,0.0,0.0,2787860.0,0.0,2787860.0,0
2024-10-02,1620.0,1620.0,1620.0,1620.0,1677.0,0.0,0.0,2787860.0,0.0,0.0,0.0,2787860.0,0.0,2787860.0,0
2024-10-04,1620.0,1620.0,1620.0,1620.0,1677.0,0.0,0.0,2787860.0,0.0,0.0,0.0,2787860.0,0.0,2787860.0,0
2024-10-07,1620.0,1620.0,1620.0,1620.0,1677.0,0.0,0.0,2787860.0,0.0,0.0,0.0,2787860.0,0.0,2787860.0,0
2024-10-08,1620.0,1620.0,1620.0,1620.0,1677.0,0.0,0.0,2787860.0,0.0,0.0,0.0,2787860.0,0.0,2787860.0,0
2024-10-10,1620.0,1620.0,1620.0,1620.0,1677.0,0.0,0.0,2787860.0,0.0,0.0,0.0,2787860.0,0.0,2787860.0,0
2024-10-11,1620.0,1620.0,1620.0,1620.0,1677.0,0.0,0.0,2787860.0,0.0,0.0,0.0,2787860.0,0.0,2787860.0,0
2024-10-14,1620.0,1620.0,1620.0,1620.0,1677.0,0.0,0.0,2787860.0,0.0,0.0,0.0,2787860.0,0.0,2787860.0,0
2024-10-15,1620.0,1620.0,1620.0,1620.0,1677.0,0.0,0.0,2787860.0,0.0,0.0,0.0,2787860.0,0.0,2787860.0,0
2024-10-16,1620.0,1620.0,1620.0,1620.0,1677.0,0.0,0.0,2787860.0,0.0,0.0,0.0,2787860.0,0.0,2787860.0,0
2024-10-17,1620.0,1620.0,1620.0,1620.0,1677.0,0.0,0.0,2787860.0,0.0,0.0,0.0,2787860.0,0.0,2787860.0,0
2024-10-18,1620.0,1620.0,1620.0,1620.0,1677.0,0.0,0.0,2787860.0,0.0,0.0,0.0,2787860.0,0.0,2787860.0,0
2024-10-21,1620.0,1620.0,1620.0,1620.0,1677.0,0.0,0.0,2787860.0,0.0,0.0,0.0,2787860.0,0.0,2787860.0,0
2024-10-22,1620.0,1620.0,1620.0,1620.0,1677.0,0.0,0.0,2787860.0,0.0,0.0,0.0,2787860.0,0.0,2787860.0,0
2024-10-23,1620.0,1620.0,1620.0,1620.0,1677.0,0.0,0.0,2787860.0,0.0,0.0,0.0,2787860.0,0.0,2787860.0,0
2024-10-24,1620.0,1620.0,1620.0,1620.0,1677.0,0.0,0.0,2787860.0,0.0,0.0,0.0,2787860.0,0.0,2787860.0,0
2024-10-25,1620.0,1620.0,1620.0,1620.0,1677.0,0.0,0.0,2787860.0,0.0,0.0,0.0,2787860.0,0.0,2787860.0,0
2024-10-28,1620.0,1620.0,1620.0,1620.0,1677.0,0.0,0.0,2787860.0,0.0,0.0,0.0,2787860.0,0.0,2787860.0,0
2024-10-29,1620.0,1620.0,1620.0,1620.0,1677.0,0.0,0.0,2787860.0,0.0,0.0,0.0,2787860.0,0.0,2787860.0,0
2024-10-30,1620.0,1620.0,1620.0,1620.0,1677.0,0.0,0.0,2787860.0,0.0,0.0,0.0,2787860.0,0.0,2787860.0,0
2024-10-31,1620.0,1620.0,1620.0,1620.0,1677.0,0.0,0.0,2787860.0,0.0,0.0,0.0,2787860.0,0.0,2787860.0,0
2024-11-01,1620.0,1620.0,1620.0,1620.0,1677.0,0.0,0.0,2787860.0,0.0,0.0,0.0,2787860.0,0.0,2787860.0,0
2024-11-04,1620.0,1620.0,1620.0,1620.0,1677.0,0.0,0.0,2787860.0,0.0,0.0,0.0,2787860.0,0.0,2787860.0,0
2024-11-05,1620.0,1620.0,1620.0,1620.0,1677.0,0.0,0.0,2787860.0,0.0,0.0,0.0,2787860.0,0.0,2787860.0,0
2024-11-06,1620.0,1620.0,1620.0,1620.0,1677.0,0.0,0.0,2787860.0,0.0,0.0,0.0,2787860.0,0.0,2787860.0,0
2024-11-07,1620.0,1620.0,1620.0,1620.0,1677.0,0.0,0.0,2787860.0,0.0,0.0,0.0,2787860.0,0.0,2787860.0,0
2024-11-08,1620.0,1620.0,1620.0,1620.0,1677.0,0.0,0.0,2787860.0,0.0,0.0,0.0,2787860.0,0.0,2787860.0,0
2024-11-11,1620.0,1620.0,1620.0,1620.0,1677.0,0.0,0.0,2787860.0,0.0,0.0,0.0,2787860.0,0.0,2787860.0,0
2024-11-12,1620.0,1620.0,1620.0,1620.0,1677.0,0.0,0.0,2787860.0,0.0,0.0,0.0,2787860.0,0.0,2787860.0,0
2024-11-13,1620.0,1620.0,1620.0,1620.0,1677.0,0.0,0.0,2787860.0,0.0,0.0,0.0,2787860.0,0.0,2787860.0,0
2024-11-14,1620.0,1620.0,1620.0,1620.0,1677.0,0.0,0.0,2787860.0,0.0,0.0,0.0,2787860.0,0.0,2787860.0,0
2024-11-15,1620.0,1620.0,1620.0,1620.0,1677.0,0.0,0.0,2787860.0,0.0,0.0,0.0,2787860.0,0.0,2787860.0,0
2024-11-18,1620.0,1620.0,1620.0,1620.0,1677.0,0.0,0.0,2787860.0,0.0,0.0,0.0,2787860.0,0.0,2787860.0,0
2024-11-19,1620.0,1620.0,1620.0,1620.0,1677.0,0.0,0.0,2787860.0,0.0,0.0,0.0,2787860.0,0.0,2787860.0,0
2024-11-20,1620.0,1620.0,1620.0,1620.0,1677.0,0.0,0.0,2787860.0,0.0,0.0,0.0,2787860.0,0.0,2787860.0,0
2024-11-21,1620.0,1620.0,1620.0,1620.0,1677.0,0.0,0.0,2787860.0,0.0,0.0,0.0,2787860.0,0.0,2787860.0,0
2024-11-22,1620.0,1620.0,1620.0,1620.0,1677.0,0.0,0.0,2787860.0,0.0,0.0,0.0,2787860.0,0.0,2787860.0,0
2024-11-25,1620.0,1620.0,1620.0,1620.0,1677.0,0.0,0.0,2787860.0,0.0,0.0,0.0,2787860.0,0.0,2787860.0,0
2024-11-26,1620.0,1620.0,1620.0,1620.0,1677.0,0.0,0.0,2787860.0,0.0,0.0,0.0,2787860.0,0.0,2787860.0,0
2024-11-27,1620.0,1620.0,1620.0,1620.0,1677.0,0.0,0.0,2787860.0,0.0,0.0,0.0,2787860.0,0.0,2787860.0,0
2024-11-28,1620.0,1620.0,1620.0,1620.0,1677.0,0.0,0.0,2787860.0,0.0,0.0,0.0,2787860.0,0.0,2787860.0,0
2024-11-29,1620.0,1620.0,1620.0,1620.0,1677.0,0.0,0.0,2787860.0,0.0,0.0,0.0,2787860.0,0.0,2787860.0,0
2024-12-02,1620.0,1620.0,1620.0,1620.0,1677.0,0.0,0.0,2787860.0,0.0,0.0,0.0,2787860.0,0.0,2787860.0,0
2024-12-03,1620.0,1620.0,1620.0,1620.0,1677.0,0.0,0.0,2787860.0,0.0,0.0,0.0,2787860.0,0.0,2787860.0,0
2024-12-04,1620.0,1620.0,1620.0,1620.0,1677.0,0.0,0.0,2787860.0,0.0,0.0,0.0,2787860.0,0.0,2787860.0,0
2024-12-05,1620.0,1620.0,1620.0,1620.0,1677.0,0.0,0.0,2787860.0,0.0,0.0,0.0,2787860.0,0.0,2787860.0,0
2024-12-06,1620.0,1620.0,1620.0,1620.0,1677.0,0.0,0.0,2787860.0,0.0,0.0,0.0,2787860.0,0.0,2787860.0,0
2024-12-09,1620.0,1620.0,1620.0,1620.0,1677.0,0.0,0.0,2787860.0,0.0,0.0,0.0,2787860.0,0.0,2787860.0,0
2024-12-10,1620.0,1620.0,1620.0,1620.0,1677.0,0.0,0.0,2787860.0,0.0,0.0,0.0,2787860.0,0.0,2787860.0,0
2024-12-11,1620.0,1620.0,1620.0,1620.0,1677.0,0.0,0.0,2787860.0,0.0,0.0,0.0,2787860.0,0.0,2787860.0,0
2024-12-12,1620.0,1620.0,1620.0,1620.0,1677.0,0.0,0.0,2787860.0,0.0,0.0,0.0,2787860.0,0.0,2787860.0,0
2024-12-13,1620.0,1620.0,1620.0,1620.0,1677.0,0.0,0.0,2787860.0,0.0,0.0,0.0,2787860.0,0.0,2787860.0,0
2024-12-16,1620.0,1620.0,1620.0,1620.0,1677.0,0.0,0.0,2787860.0,0.0,0.0,0.0,2787860.0,0.0,2787860.0,0
2024-12-17,1620.0,1620.0,1620.0,1620.0,1677.0,0.0,0.0,2787860.0,0.0,0.0,0.0,2787860.0,0.0,2787860.0,0
2024-12-18,1620.0,1620.0,1620.0,1620.0,1677.0,0.0,0.0,2787860.0,0.0,0.0,0.0,2787860.0,0.0,2787860.0,0
2024-12-19,1620.0,1620.0,1620.0,1620.0,1677.0,0.0,0.0,2787860.0,0.0,0.0,0.0,2787860.0,0.0,2787860.0,0
2024-12-20,1620.0,1620.0,1620.0,1620.0,1677.0,0.0,0.0,2787860.0,0.0,0.0,0.0,2787860.0,0.0,2787860.0,0
2024-12-23,1620.0,1620.0,1620.0,1620.0,1677.0,0.0,0.0,2787860.0,0.0,0.0,0.0,2787860.0,0.0,2787860.0,0
2024-12-24,1620.0,1620.0,1620.0,1620.0,1677.0,0.0,0.0,2787860.0,0.0,0.0,0.0,2787860.0,0.0,2787860.0,0
2024-12-26,1620.0,1620.0,1620.0,1620.0,1677.0,0.0,0.0,2787860.0,0.0,0.0,0.0,2787860.0,0.0,2787860.0,0
2024-12-27,1620.0,1620.0,1620.0,1620.0,1677.0,0.0,0.0,2787860.0,0.0,0.0,0.0,2787860.0,0.0,2787860.0,0
2024-12-30,1620.0,1620.0,1620.0,1620.0,1677.0,0.0,0.0,2787860.0,0.0,0.0,0.0,2787860.0,0.0,2787860.0,0
2025-01-02,1620.0,1620.0,1620.0,1620.0,1677.0,0.0,0.0,2787860.0,0.0,0.0,0.0,2787860.0,0.0,2787860.0,0
2025-01-03,1620.0,1620.0,1620.0,1620.0,1677.0,0.0,0.0,2787860.0,0.0,0.0,0.0,2787860.0,0.0,2787860.0,0
2025-01-06,1620.0,1620.0,1620.0,1620.0,1677.0,0.0,0.0,2787860.0,0.0,0.0,0.0,2787860.0,0.0,2787860.0,0
2025-01-07,1620.0,1620.0,1620.0,1620.0,1677.0,0.0,0.0,2787860.0,0.0,0.0,0.0,2787860.0,0.0,2787860.0,0
2025-01-08,1620.0,1620.0,1620.0,1620.0,1677.0,0.0,0.0,2787860.0,0.0,0.0,0.0,2787860.0,0.0,2787860.0,0
2025-01-09,1620.0,1620.0,1620.0,1620.0,1677.0,0.0,0.0,2787860.0,0.0,0.0,0.0,2787860.0,0.0,2787860.0,0
2025-01-10,1620.0,1620.0,1620.0,1620.0,1677.0,0.0,0.0,2787860.0,0.0,0.0,0.0,2787860.0,0.0,2787860.0,0
2025-01-13,1620.0,1620.0,1620.0,1620.0,1677.0,0.0,0.0,2787860.0,0.0,0.0,0.0,2787860.0,0.0,2787860.0,0
2025-01-14,1620.0,1620.0,1620.0,1620.0,1677.0,0.0,0.0,2787860.0,0.0,0.0,0.0,2787860.0,0.0,2787860.0,0
2025-01-15,1620.0,1620.0,1620.0,1620.0,1677.0,0.0,0.0,2787860.0,0.0,0.0,0.0,2787860.0,0.0,2787860.0,0
2025-01-16,1620.0,1620.0,1620.0,1620.0,1677.0,0.0,0.0,2787860.0,0.0,0.0,0.0,2787860.0,0.0,2787860.0,0
2025-01-17,1620.0,1620.0,1620.0,1620.0,1677.0,0.0,0.0,2787860.0,0.0,0.0,0.0,2787860.0,0.0,2787860.0,0
2025-01-20,1620.0,1620.0,1620.0,1620.0,1677.0,0.0,0.0,2787860.0,0.0,0.0,0.0,2787860.0,0.0,2787860.0,0
2025-01-21,1620.0,1620.0,1620.0,1620.0,1677.0,0.0,0.0,2787860.0,0.0,0.0,0.0,2787860.0,0.0,2787860.0,0
2025-01-22,1620.0,1620.0,1620.0,1620.0,1677.0,0.0,0.0,2787860.0,0.0,0.0,0.0,2787860.0,0.0,2787860.0,0
2025-01-23,1620.0,1620.0,1620.0,1620.0,1677.0,0.0,0.0,2787860.0,0.0,0.0,0.0,2787860.0,0.0,2787860.0,0
2025-01-24,1620.0,1620.0,1620.0,1620.0,1677.0,0.0,0.0,2787860.0,0.0,0.0,0.0,2787860.0,0.0,2787860.0,0
2025-01-31,1620.0,1620.0,1620.0,1620.0,1677.0,0.0,0.0,2787860.0,0.0,0.0,0.0,2787860.0,0.0,2787860.0,0
2025-02-03,1620.0,1620.0,1620.0,1620.0,1677.0,0.0,0.0,2787860.0,0.0,0.0,0.0,2787860.0,0.0,2787860.0,0
2025-02-04,1620.0,1620.0,1620.0,1620.0,1677.0,0.0,0.0,2787860.0,0.0,0.0,0.0,2787860.0,0.0,2787860.0,0
2025-02-05,1620.0,1620.0,1620.0,1620.0,1677.0,0.0,0.0,2787860.0,0.0,0.0,0.0,2787860.0,0.0,2787860.0,0
2025-02-06,1620.0,1620.0,1620.0,1620.0,1677.0,0.0,0.0,2787860.0,0.0,0.0,0.0,2787860.0,0.0,2787860.0,0
2025-02-07,1620.0,1620.0,1620.0,1620.0,1677.0,0.0,0.0,2787860.0,0.0,0.0,0.0,2787860.0,0.0,2787860.0,0
2025-02-10,1620.0,1620.0,1620.0,1620.0,1677.0,0.0,0.0,2787860.0,0.0,0.0,0.0,2787860.0,0.0,2787860.0,0
2025-02-11,1620.0,1620.0,1620.0,1620.0,1677.0,0.0,0.0,2787860.0,0.0,0.0,0.0,2787860.0,0.0,2787860.0,0
2025-02-12,1620.0,1620.0,1620.0,1620.0,1677.0,0.0,0.0,2787860.0,0.0,0.0,0.0,2787860.0,0.0,2787860.0,0
2025-02-13,1620.0,1620.0,1620.0,1620.0,1677.0,0.0,0.0,2787860.0,0.0,0.0,0.0,2787860.0,0.0,2787860.0,0
2025-02-14,1620.0,1620.0,1620.0,1620.0,1677.0,0.0,0.0,2787860.0,0.0,0.0,0.0,2787860.0,0.0,2787860.0,0
2025-02-17,1620.0,1620.0,1620.0,1620.0,1677.0,0.0,0.0,2787860.0,0.0,0.0,0.0,2787860.0,0.0,2787860.0,0
2025-02-18,1620.0,1620.0,1620.0,1620.0,1677.0,0.0,0.0,2787860.0,0.0,0.0,0.0,2787860.0,0.0,2787860.0,0
2025-02-19,1620.0,1620.0,1620.0,1620.0,1677.0,0.0,0.0,2787860.0,0.0,0.0,0.0,2787860.0,0.0,2787860.0,0
2025-02-20,1620.0,1620.0,1620.0,1620.0,1677.0,0.0,0.0,2787860.0,0.0,0.0,0.0,2787860.0,0.0,2787860.0,0
2025-02-21,1620.0,1620.0,1620.0,1620.0,1677.0,0.0,0.0,2787860.0,0.0,0.0,0.0,2787860.0,0.0,2787860.0,0
2025-02-24,1620.0,1620.0,1620.0,1620.0,1677.0,0.0,0.0,2787860.0,0.0,0.0,0.0,2787860.0,0.0,2787860.0,0
2025-02-25,1620.0,1620.0,1620.0,1620.0,1677.0,0.0,0.0,2787860.0,0.0,0.0,0.0,2787860.0,0.0,2787860.0,0
2025-02-26,1620.0,1620.0,1620.0,1620.0,1677.0,0.0,0.0,2787860.0,0.0,0.0,0.0,2787860.0,0.0,2787860.0,0
2025-02-27,1620.0,1620.0,1620.0,1620.0,1677.0,0.0,0.0,2787860.0,0.0,0.0,0.0,2787860.0,0.0,2787860.0,0
2025-02-28,1620.0,1620.0,1620.0,1620.0,1677.0,0.0,0.0,2787860.0,0.0,0.0,0.0,2787860.0,0.0,2787860.0,0
2025-03-04,1620.0,1620.0,1620.0,1620.0,1677.0,0.0,0.0,2787860.0,0.0,0.0,0.0,2787860.0,0.0,2787860.0,0
2025-03-05,1620.0,1620.0,1620.0,1620.0,1677.0,0.0,0.0,2787860.0,0.0,0.0,0.0,2787860.0,0.0,2787860.0,0
2025-03-06,1620.0,1620.0,1620.0,1620.0,1677.0,0.0,0.0,2787860.0,0.0,0.0,0.0,2787860.0,0.0,2787860.0,0
2025-03-07,1620.0,1620.0,1620.0,1620.0,1677.0,0.0,0.0,2787860.0,0.0,0.0,0.0,2787860.0,0.0,2787860.0,0
2025-03-10,1620.0,1620.0,1620.0,1620.0,1677.0,0.0,0.0,2787860.0,0.0,0.0,0.0,2787860.0,0.0,2787860.0,0
2025-03-11,1620.0,1620.0,1620.0,1620.0,1677.0,0.0,0.0,2787860.0,0.0,0.0,0.0,2787860.0,0.0,2787860.0,0
2025-03-12,1620.0,1620.0,1620.0,1620.0,1677.0,0.0,0.0,2787860.0,0.0,0.0,0.0,2787860.0,0.0,2787860.0,0
2025-03-13,1620.0,1620.0,1620.0,1620.0,1677.0,0.0,0.0,2787860.0,0.0,0.0,0.0,2787860.0,0.0,2787860.0,0
2025-03-14,1620.0,1620.0,1620.0,1620.0,1677.0,0.0,0.0,2787860.0,0.0,0.0,0.0,2787860.0,0.0,2787860.0,0
2025-03-17,1620.0,1620.0,1620.0,1620.0,1677.0,0.0,0.0,2787860.0,0.0,0.0,0.0,2787860.0,0.0,2787860.0,0
2025-03-18,1620.0,1620.0,1620.0,1620.0,1677.0,0.0,0.0,2787860.0,0.0,0.0,0.0,2787860.0,0.0,2787860.0,0
2025-03-19,1620.0,1620.0,1620.0,1620.0,1677.0,0.0,0.0,2787860.0,0.0,0.0,0.0,2787860.0,0.0,2787860.0,0
2025-03-20,1620.0,1620.0,1620.0,1620.0,1677.0,0.0,0.0,2787860.0,0.0,0.0,0.0,2787860.0,0.0,2787860.0,0
2025-03-21,1620.0,1620.0,1620.0,1620.0,1677.0,0.0,0.0,2787860.0,0.0,0.0,0.0,2787860.0,0.0,2787860.0,0
2025-03-24,1620.0,1620.0,1620.0,1620.0,1677.0,0.0,0.0,2787860.0,0.0,0.0,0.0,2787860.0,0.0,2787860.0,0
2025-03-25,1620.0,1620.0,1620.0,1620.0,1677.0,0.0,0.0,2787860.0,0.0,0.0,0.0,2787860.0,0.0,2787860.0,0
2025-03-26,1620.0,1620.0,1620.0,1620.0,1677.0,0.0,0.0,2787860.0,0.0,0.0,0.0,2787860.0,0.0,2787860.0,0
2025-03-27,1620.0,1620.0,1620.0,1620.0,1677.0,0.0,0.0,2787860.0,0.0,0.0,0.0,2787860.0,0.0,2787860.0,0
2025-03-28,1620.0,1620.0,1620.0,1620.0,1677.0,0.0,0.0,2787860.0,0.0,0.0,0.0,2787860.0,0.0,2787860.0,0
2025-03-31,1620.0,1620.0,1620.0,1620.0,1677.0,0.0,0.0,2787860.0,0.0,0.0,0.0,2787860.0,0.0,2787860.0,0
2025-04-01,1620.0,1620.0,1620.0,1620.0,1677.0,0.0,0.0,2787860.0,0.0,0.0,0.0,2787860.0,0.0,2787860.0,0
2025-04-02,1620.0,1620.0,1620.0,1620.0,1677.0,0.0,0.0,2787860.0,0.0,0.0,0.0,2787860.0,0.0,2787860.0,0
2025-04-03,1620.0,1620.0,1620.0,1620.0,1677.0,0.0,0.0,2787860.0,0.0,0.0,0.0,2787860.0,0.0,2787860.0,0
2025-04-04,1620.0,1620.0,1620.0,1620.0,1677.0,0.0,0.0,2787860.0,0.0,0.0,0.0,2787860.0,0.0,2787860.0,0
2025-04-07,1620.0,1620.0,1620.0,1620.0,1677.0,0.0,0.0,2787860.0,0.0,0.0,0.0,2787860.0,0.0,2787860.0,0
2025-04-08,1620.0,1620.0,1620.0,1620.0,1677.0,0.0,0.0,2787860.0,0.0,0.0,0.0,2787860.0,0.0,2787860.0,0
2025-04-09,1620.0,1620.0,1620.0,1620.0,1677.0,0.0,0.0,2787860.0,0.0,0.0,0.0,2787860.0,0.0,2787860.0,0
2025-04-10,1620.0,1620.0,1620.0,1620.0,1677.0,0.0,0.0,2787860.0,0.0,0.0,0.0,2787860.0,0.0,2787860.0,0
2025-04-11,1620.0,1620.0,1620.0,1620.0,1677.0,0.0,0.0,2787860.0,0.0,0.0,0.0,2787860.0,0.0,2787860.0,0
2025-04-14,1620.0,1620.0,1620.0,1620.0,1677.0,0.0,0.0,2787860.0,0.0,0.0,0.0,2787860.0,0.0,2787860.0,0
2025-04-15,1620.0,1620.0,1620.0,1620.0,1677.0,0.0,0.0,2787860.0,0.0,0.0,0.0,2787860.0,0.0,2787860.0,0
2025-04-16,1620.0,1620.0,1620.0,1620.0,1677.0,0.0,0.0,2787860.0,0.0,0.0,0.0,2787860.0,0.0,2787860.0,0
2025-04-17,1620.0,1620.0,1620.0,1620.0,1677.0,0.0,0.0,2787860.0,0.0,0.0,0.0,2787860.0,0.0,2787860.0,0
2025-04-18,1620.0,1620.0,1620.0,1620.0,1677.0,0.0,0.0,2787860.0,0.0,0.0,0.0,2787860.0,0.0,2787860.0,0
2025-04-21,1620.0,1620.0,1620.0,1620.0,1677.0,0.0,0.0,2787860.0,0.0,0.0,0.0,2787860.0,0.0,2787860.0,0
2025-04-22,1620.0,1620.0,1620.0,1620.0,1677.0,0.0,0.0,2787860.0,0.0,0.0,0.0,2787860.0,0.0,2787860.0,0
2025-04-23,1620.0,1620.0,1620.0,1620.0,1677.0,0.0,0.0,2787860.0,0.0,0.0,0.0,2787860.0,0.0,2787860.0,0
2025-04-24,1620.0,1620.0,1620.0,1620.0,1677.0,0.0,0.0,2787860.0,0.0,0.0,0.0,2787860.0,0.0,2787860.0,0
2025-04-25,1620.0,1620.0,1620.0,1620.0,1677.0,0.0,0.0,2787860.0,0.0,0.0,0.0,2787860.0,0.0,2787860.0,0
2025-04-28,1620.0,1620.0,1620.0,1620.0,1677.0,0.0,0.0,2787860.0,0.0,0.0,0.0,2787860.0,0.0,2787860.0,0
2025-04-29,1620.0,1620.0,1620.0,1620.0,1677.0,0.0,0.0,2787860.0,0.0,0.0,0.0,2787860.0,0.0,2787860.0,0
2025-04-30,1620.0,1620.0,1620.0,1620.0,1677.0,0.0,0.0,2787860.0,0.0,0.0,0.0,2787860.0,0.0,2787860.0,0
2025-05-02,1620.0,1620.0,1620.0,1620.0,1677.0,0.0,0.0,2787860.0,0.0,0.0,0.0,2787860.0,0.0,2787860.0,0
2025-05-07,1620.0,1620.0,1620.0,1620.0,1677.0,0.0,0.0,2787860.0,0.0,0.0,0.0,2787860.0,0.0,2787860.0,0
2025-05-08,1620.0,1620.0,1620.0,1620.0,1677.0,0.0,0.0,2787860.0,0.0,0.0,0.0,2787860.0,0.0,2787860.0,0
2025-05-09,1620.0,1620.0,1620.0,1620.0,1677.0,0.0,0.0,2787860.0,0.0,0.0,0.0,2787860.0,0.0,2787860.0,0
2025-05-12,1620.0,1620.0,1620.0,1620.0,1677.0,0.0,0.0,2787860.0,0.0,0.0,0.0,2787860.0,0.0,2787860.0,0
2025-05-13,1620.0,1620.0,1620.0,1620.0,1677.0,0.0,0.0,2787860.0,0.0,0.0,0.0,2787860.0,0.0,2787860.0,0
2025-05-14,1620.0,1620.0,1620.0,1620.0,1677.0,0.0,0.0,2787860.0,0.0,0.0,0.0,2787860.0,0.0,2787860.0,0
2025-05-15,1620.0,1620.0,1620.0,1620.0,1677.0,0.0,0.0,2787860.0,0.0,0.0,0.0,2787860.0,0.0,2787860.0,0
2025-05-16,1620.0,1620.0,1620.0,1620.0,1677.0,0.0,0.0,2787860.0,0.0,0.0,0.0,2787860.0,0.0,2787860.0,0
2025-05-19,1620.0,1620.0,1620.0,1620.0,1677.0,0.0,0.0,2787860.0,0.0,0.0,0.0,2787860.0,0.0,2787860.0,0
2025-05-20,1620.0,1620.0,1620.0,1620.0,1677.0,0.0,0.0,2787860.0,0.0,0.0,0.0,2787860.0,0.0,2787860.0,0
2025-05-21,1620.0,1620.0,1620.0,1620.0,1677.0,0.0,0.0,2787860.0,0.0,0.0,0.0,2787860.0,0.0,2787860.0,0
2025-05-22,1620.0,1620.0,1620.0,1620.0,1677.0,0.0,0.0,2787860.0,0.0,0.0,0.0,2787860.0,0.0,2787860.0,0
2025-05-23,1620.0,1620.0,1620.0,1620.0,1677.0,0.0,0.0,2787860.0,0.0,0.0,0.0,2787860.0,0.0,2787860.0,0
2025-05-26,1620.0,1620.0,1620.0,1620.0,1677.0,0.0,0.0,2787860.0,0.0,0.0,0.0,2787860.0,0.0,2787860.0,0
2025-05-27,1620.0,1620.0,1620.0,1620.0,1677.0,0.0,0.0,2787860.0,0.0,0.0,0.0,2787860.0,0.0,2787860.0,0
2025-05-28,1620.0,1620.0,1620.0,1620.0,1677.0,0.0,0.0,2787860.0,0.0,0.0,0.0,2787860.0,0.0,2787860.0,0
2025-05-29,1620.0,1620.0,1620.0,1620.0,1677.0,0.0,0.0,2787860.0,0.0,0.0,0.0,2787860.0,0.0,2787860.0,0
2025-05-30,1620.0,1620.0,1620.0,1620.0,1677.0,0.0,0.0,2787860.0,0.0,0.0,0.0,2787860.0,0.0,2787860.0,0
2025-06-02,1620.0,1620.0,1620.0,1620.0,1677.0,0.0,0.0,2787860.0,0.0,0.0,0.0,2787860.0,0.0,2787860.0,0
2025-06-04,1620.0,1620.0,1620.0,1620.0,1677.0,0.0,0.0,2787860.0,0.0,0.0,0.0,2787860.0,0.0,2787860.0,0
2025-06-05,1620.0,1620.0,1620.0,1620.0,1677.0,0.0,0.0,2787860.0,0.0,0.0,0.0,2787860.0,0.0,2787860.0,0
2025-06-09,1620.0,1620.0,1620.0,1620.0,1677.0,0.0,0.0,2787860.0,0.0,0.0,0.0,2787860.0,0.0,2787860.0,0
2025-06-10,1620.0,1620.0,1620.0,1620.0,1677.0,0.0,0.0,2787860.0,0.0,0.0,0.0,2787860.0,0.0,2787860.0,0
2025-06-11,1620.0,1620.0,1620.0,1620.0,1677.0,0.0,0.0,2787860.0,0.0,0.0,0.0,2787860.0,0.0,2787860.0,0
2025-06-12,1620.0,1620.0,1620.0,1620.0,1677.0,0.0,0.0,2787860.0,0.0,0.0,0.0,2787860.0,0.0,2787860.0,0
2025-06-13,1620.0,1620.0,1620.0,1620.0,1677.0,0.0,0.0,2787860.0,0.0,0.0,0.0,2787860.0,0.0,2787860.0,0
2025-06-16,1620.0,1620.0,1620.0,1620.0,1677.0,0.0,0.0,2787860.0,0.0,0.0,0.0,2787860.0,0.0,2787860.0,0
2025-06-17,1620.0,1620.0,1620.0,1620.0,1677.0,0.0,0.0,2787860.0,0.0,0.0,0.0,2787860.0,0.0,2787860.0,0
2025-06-18,1620.0,1620.0,1620.0,1620.0,1677.0,0.0,0.0,2787860.0,0.0,0.0,0.0,2787860.0,0.0,2787860.0,0
2025-06-19,1620.0,1620.0,1620.0,1620.0,1677.0,0.0,0.0,2787860.0,0.0,0.0,0.0,2787860.0,0.0,2787860.0,0
2025-06-20,1620.0,1620.0,1620.0,1620.0,1677.0,0.0,0.0,2787860.0,0.0,0.0,0.0,2787860.0,0.0,2787860.0,0
2025-06-23,1620.0,1620.0,1620.0,1620.0,1677.0,0.0,0.0,2787860.0,0.0,0.0,0.0,2787860.0,0.0,2787860.0,0
2025-06-24,1620.0,1620.0,1620.0,1620.0,1677.0,0.0,0.0,2787860.0,0.0,0.0,0.0,2787860.0,0.0,2787860.0,0
2025-06-25,1620.0,1620.0,1620.0,1620.0,1677.0,0.0,0.0,2787860.0,0.0,0.0,0.0,2787860.0,0.0,2787860.0,0
2025-06-26,1620.0,1620.0,1620.0,1620.0,1677.0,0.0,0.0,2787860.0,0.0,0.0,0.0,2787860.0,0.0,2787860.0,0
2025-06-27,1620.0,1620.0,1620.0,1620.0,1677.0,0.0,0.0,2787860.0,0.0,0.0,0.0,2787860.0,0.0,2787860.0,0
2025-06-30,1620.0,1620.0,1620.0,1620.0,1677.0,0.0,0.0,2787860.0,0.0,0.0,0.0,2787860.0,0.0,2787860.0,0
2025-07-01,1620.0,1620.0,1620.0,1620.0,1677.0,0.0,0.0,2787860.0,0.0,0.0,0.0,2787860.0,0.0,2787860.0,0
2025-07-02,1620.0,1620.0,1620.0,1620.0,1677.0,0.0,0.0,2787860.0,0.0,0.0,0.0,2787860.0,0.0,2787860.0,0
2025-07-03,1620.0,1620.0,1620.0,1620.0,1677.0,0.0,0.0,2787860.0,0.0,0.0,0.0,2787860.0,0.0,2787860.0,0
2025-07-04,1620.0,1620.0,1620.0,1620.0,1677.0,0.0,0.0,2787860.0,0.0,0.0,0.0,2787860.0,0.0,2787860.0,0
2025-07-07,1620.0,1620.0,1620.0,1620.0,1677.0,0.0,0.0,2787860.0,0.0,0.0,0.0,2787860.0,0.0,2787860.0,0
2025-07-08,1620.0,1620.0,1620.0,1620.0,1677.0,0.0,0.0,2787860.0,0.0,0.0,0.0,2787860.0,0.0,2787860.0,0
2025-07-09,1620.0,1620.0,1620.0,1620.0,1677.0,0.0,0.0,2787860.0,0.0,0.0,0.0,2787860.0,0.0,2787860.0,0
2025-07-10,1620.0,1620.0,1620.0,1620.0,1677.0,0.0,0.0,2787860.0,0.0,0.0,0.0,2787860.0,0.0,2787860.0,0
2025-07-11,1620.0,1620.0,1620.0,1620.0,1677.0,0.0,0.0,2787860.0,0.0,0.0,0.0,2787860.0,0.0,2787860.0,0
2025-07-14,1620.0,1620.0,1620.0,1620.0,1677.0,0.0,0.0,2787860.0,0.0,0.0,0.0,2787860.0,0.0,2787860.0,0
2025-07-15,1620.0,1620.0,1620.0,1620.0,1677.0,0.0,0.0,2787860.0,0.0,0.0,0.0,2787860.0,0.0,2787860.0,0
2025-07-16,1620.0,1620.0,1620.0,1620.0,1677.0,0.0,0.0,2787860.0,0.0,0.0,0.0,2787860.0,0.0,2787860.0,0
2025-07-17,1620.0,1620.0,1620.0,1620.0,1677.0,0.0,0.0,2787860.0,0.0,0.0,0.0,2787860.0,0.0,2787860.0,0
2025-07-18,1620.0,1620.0,1620.0,1620.0,1677.0,0.0,0.0,2787860.0,0.0,0.0,0.0,2787860.0,0.0,2787860.0,0
2025-07-21,1620.0,1620.0,1620.0,1620.0,1677.0,0.0,0.0,2787860.0,0.0,0.0,0.0,2787860.0,0.0,2787860.0,0
2025-07-22,1620.0,1620.0,1620.0,1620.0,1677.0,0.0,0.0,2787860.0,0.0,0.0,0.0,2787860.0,0.0,2787860.0,0
2025-07-23,1620.0,1620.0,1620.0,1620.0,1677.0,0.0,0.0,2787860.0,0.0,0.0,0.0,2787860.0,0.0,2787860.0,0
2025-07-24,1620.0,1620.0,1620.0,1620.0,1677.0,0.0,0.0,2787860.0,0.0,0.0,0.0,2787860.0,0.0,2787860.0,0
2025-07-25,1620.0,1620.0,1620.0,1620.0,1677.0,0.0,0.0,2787860.0,0.0,0.0,0.0,2787860.0,0.0,2787860.0,0
2025-07-28,1620.0,1620.0,1620.0,1620.0,1677.0,0.0,0.0,2787860.0,0.0,0.0,0.0,2787860.0,0.0,2787860.0,0
2025-07-29,1620.0,1620.0,1620.0,1620.0,1677.0,0.0,0.0,2787860.0,0.0,0.0,0.0,2787860.0,0.0,2787860.0,0
2025-07-30,1620.0,1620.0,1620.0,1620.0,1677.0,0.0,0.0,2787860.0,0.0,0.0,0.0,2787860.0,0.0,2787860.0,0
2025-07-31,1620.0,1620.0,1620.0,1620.0,1677.0,0.0,0.0,2787860.0,0.0,0.0,0.0,2787860.0,0.0,2787860.0,0
2025-08-01,1620.0,1620.0,1620.0,1620.0,1677.0,0.0,0.0,2787860.0,0.0,0.0,0.0,2787860.0,0.0,2787860.0,0
2025-08-04,1620.0,1620.0,1620.0,1620.0,1677.0,0.0,0.0,2787860.0,0.0,0.0,0.0,2787860.0,0.0,2787860.0,0
2025-08-05,1620.0,1620.0,1620.0,1620.0,1677.0,0.0,0.0,2787860.0,0.0,0.0,0.0,2787860.0,0.0,2787860.0,0
2025-08-06,1620.0,1620.0,1620.0,1620.0,1677.0,0.0,0.0,2787860.0,0.0,0.0,0.0,2787860.0,0.0,2787860.0,0
2025-08-07,1620.0,1620.0,1620.0,1620.0,1677.0,0.0,0.0,2787860.0,0.0,0.0,0.0,2787860.0,0.0,2787860.0,0
2025-08-08,1620.0,1620.0,1620.0,1620.0,1677.0,0.0,0.0,2787860.0,0.0,0.0,0.0,2787860.0,0.0,2787860.0,0
2025-08-11,1620.0,1620.0,1620.0,1620.0,1677.0,0.0,0.0,2787860.0,0.0,0.0,0.0,2787860.0,0.0,2787860.0,0
2025-08-12,1620.0,1620.0,1620.0,1620.0,1677.0,0.0,0.0,2787860.0,0.0,0.0,0.0,2787860.0,0.0,2787860.0,0
2025-08-13,1620.0,1620.0,1620.0,1620.0,1677.0,0.0,0.0,2787860.0,0.0,0.0,0.0,2787860.0,0.0,2787860.0,0
2025-08-14,1620.0,1620.0,1620.0,1620.0,1677.0,0.0,0.0,2787860.0,0.0,0.0,0.0,2787860.0,0.0,2787860.0,0
2025-08-18,1620.0,1620.0,1620.0,1620.0,1677.0,0.0,0.0,2787860.0,0.0,0.0,0.0,2787860.0,0.0,2787860.0,0
2025-08-19,1620.0,1620.0,1620.0,1620.0,1677.0,0.0,0.0,2787860.0,0.0,0.0,0.0,2787860.0,0.0,2787860.0,0
2025-08-20,1620.0,1620.0,1620.0,1620.0,1677.0,0.0,0.0,2787860.0,0.0,0.0,0.0,2787860.0,0.0,2787860.0,0
2025-08-21,1620.0,1620.0,1620.0,1620.0,1677.0,0.0,0.0,2787860.0,0.0,0.0,0.0,2787860.0,0.0,2787860.0,0
2025-08-22,1620.0,1620.0,1620.0,1620.0,1677.0,0.0,0.0,2787860.0,0.0,0.0,0.0,2787860.0,0.0,2787860.0,0
2025-08-25,1620.0,1620.0,1620.0,1620.0,1677.0,0.0,0.0,2787860.0,0.0,0.0,0.0,2787860.0,0.0,2787860.0,0
2025-08-26,1620.0,1620.0,1620.0,1620.0,1677.0,0.0,0.0,2787860.0,0.0,0.0,0.0,2787860.0,0.0,2787860.0,0
2025-08-27,1620.0,1620.0,1620.0,1620.0,1677.0,0.0,0.0,2787860.0,0.0,0.0,0.0,2787860.0,0.0,2787860.0,0
2025-08-28,1620.0,1620.0,1620.0,1620.0,1677.0,0.0,0.0,2787860.0,0.0,0.0,0.0,2787860.0,0.0,2787860.0,0
2025-08-29,1620.0,1620.0,1620.0,1620.0,1677.0,0.0,0.0,2787860.0,0.0,0.0,0.0,2787860.0,0.0,2787860.0,0
2025-09-01,1620.0,1620.0,1620.0,1620.0,1677.0,0.0,0.0,2787860.0,0.0,0.0,0.0,2787860.0,0.0,2787860.0,0
2025-09-02,1620.0,1620.0,1620.0,1620.0,1677.0,0.0,0.0,2787860.0,0.0,0.0,0.0,2787860.0,0.0,2787860.0,0
2025-09-03,1620.0,1620.0,1620.0,1620.0,1677.0,0.0,0.0,2787860.0,0.0,0.0,0.0,2787860.0,0.0,2787860.0,0
2025-09-04,1620.0,1620.0,1620.0,1620.0,1677.0,0.0,0.0,2787860.0,0.0,0.0,0.0,2787860.0,0.0,2787860.0,0
2025-09-05,1620.0,1620.0,1620.0,1620.0,1677.0,0.0,0.0,2787860.0,0.0,0.0,0.0,2787860.0,0.0,2787860.0,0
2025-09-08,1620.0,1620.0,1620.0,1620.0,1677.0,0.0,0.0,2787860.0,0.0,0.0,0.0,2787860.0,0.0,2787860.0,0
2025-09-09,1620.0,1620.0,1620.0,1620.0,1677.0,0.0,0.0,2787860.0,0.0,0.0,0.0,2787860.0,0.0,2787860.0,0
2025-09-10,1620.0,1620.0,1620.0,1620.0,1677.0,0.0,0.0,2787860.0,0.0,0.0,0.0,2787860.0,0.0,2787860.0,0
2025-09-11,1620.0,1620.0,1620.0,1620.0,1677.0,0.0,0.0,2787860.0,0.0,0.0,0.0,2787860.0,0.0,2787860.0,0
2025-09-12,1620.0,1620.0,1620.0,1620.0,1677.0,0.0,0.0,2787860.0,0.0,0.0,0.0,2787860.0,0.0,2787860.0,0
2025-09-15,1620.0,1620.0,1620.0,1620.0,1677.0,0.0,0.0,2787860.0,0.0,0.0,0.0,2787860.0,0.0,2787860.0,0
2025-09-16,1620.0,1620.0,1620.0,1620.0,1677.0,0.0,0.0,2787860.0,0.0,0.0,0.0,2787860.0,0.0,2787860.0,0
2025-09-17,1620.0,1620.0,1620.0,1620.0,1677.0,0.0,0.0,2787860.0,0.0,0.0,0.0,2787860.0,0.0,2787860.0,0
2025-09-18,1620.0,1620.0,1620.0,1620.0,1677.0,0.0,0.0,2787860.0,0.0,0.0,0.0,2787860.0,0.0,2787860.0,0
2025-09-19,1620.0,1620.0,1620.0,1620.0,1677.0,0.0,0.0,2787860.0,0.0,0.0,0.0,2787860.0,0.0,2787860.0,0
2025-09-22,1620.0,1620.0,1620.0,1620.0,1677.0,0.0,0.0,2787860.0,0.0,0.0,0.0,2787860.0,0.0,2787860.0,0
2025-09-23,1620.0,1620.0,1620.0,1620.0,1677.0,0.0,0.0,2787860.0,0.0,0.0,0.0,2787860.0,0.0,2787860.0,0
2025-09-24,1620.0,1620.0,1620.0,1620.0,1677.0,0.0,0.0,2787860.0,0.0,0.0,0.0,2787860.0,0.0,2787860.0,0
2025-09-25,1620.0,1620.0,1620.0,1620.0,1677.0,0.0,0.0,2787860.0,0.0,0.0,0.0,2787860.0,0.0,2787860.0,0
2025-09-26,1620.0,1620.0,1620.0,1620.0,1677.0,0.0,0.0,2787860.0,0.0,0.0,0.0,2787860.0,0.0,2787860.0,0
2025-09-29,1620.0,1620.0,1620.0,1620.0,1677.0,0.0,0.0,2787860.0,0.0,0.0,0.0,2787860.0,0.0,2787860.0,0
2025-09-30,1620.0,1620.0,1620.0,1620.0,1677.0,0.0,0.0,2787860.0,0.0,0.0,0.0,2787860.0,0.0,2787860.0,0
2025-10-01,1620.0,1620.0,1620.0,1620.0,1677.0,0.0,0.0,2787860.0,0.0,0.0,0.0,2787860.0,0.0,2787860.0,0
2025-10-02,1620.0,1620.0,1620.0,1620.0,1677.0,0.0,0.0,2787860.0,0.0,0.0,0.0,2787860.0,0.0,2787860.0,0
2025-10-10,1620.0,1620.0,1620.0,1620.0,1677.0,0.0,0.0,2787860.0,0.0,0.0,0.0,2787860.0,0.0,2787860.0,0
2025-10-13,1620.0,1620.0,1620.0,1620.0,1677.0,0.0,0.0,2787860.0,0.0,0.0,0.0,2787860.0,0.0,2787860.0,0
2025-10-14,1620.0,1620.0,1620.0,1620.0,1677.0,0.0,0.0,2787860.0,0.0,0.0,0.0,2787860.0,0.0,2787860.0,0
2025-10-15,1620.0,1620.0,1620.0,1620.0,1677.0,0.0,0.0,2787860.0,0.0,0.0,0.0,2787860.0,0.0,2787860.0,0
2025-10-16,1620.0,1620.0,1620.0,1620.0,1677.0,0.0,0.0,2787860.0,0.0,0.0,0.0,2787860.0,0.0,2787860.0,0
2025-10-17,1620.0,1620.0,1620.0,1620.0,1677.0,0.0,0.0,2787860.0,0.0,0.0,0.0,2787860.0,0.0,2787860.0,0
2025-10-20,1620.0,1620.0,1620.0,1620.0,1677.0,0.0,0.0,2787860.0,0.0,0.0,0.0,2787860.0,0.0,2787860.0,0
2025-10-21,1620.0,1620.0,1620.0,1620.0,1677.0,0.0,0.0,2787860.0,0.0,0.0,0.0,2787860.0,0.0,2787860.0,0
2025-10-22,1620.0,1620.0,1620.0,1620.0,1677.0,0.0,0.0,2787860.0,0.0,0.0,0.0,2787860.0,0.0,2787860.0,0
2025-10-23,1620.0,1620.0,1620.0,1620.0,1677.0,0.0,0.0,2787860.0,0.0,0.0,0.0,2787860.0,0.0,2787860.0,0
2025-10-24,1620.0,1620.0,1620.0,1620.0,1677.0,0.0,0.0,2787860.0,0.0,0.0,0.0,2787860.0,0.0,2787860.0,0
2025-10-27,1620.0,1620.0,1620.0,1620.0,1677.0,0.0,0.0,2787860.0,0.0,0.0,0.0,2787860.0,0.0,2787860.0,0
2025-10-28,1620.0,1620.0,1620.0,1620.0,1677.0,0.0,0.0,2787860.0,0.0,0.0,0.0,2787860.0,0.0,2787860.0,0
2025-10-29,1620.0,1620.0,1620.0,1620.0,1677.0,0.0,0.0,2787860.0,0.0,0.0,0.0,2787860.0,0.0,2787860.0,0
2025-10-30,1620.0,1620.0,1620.0,1620.0,1677.0,0.0,0.0,2787860.0,0.0,0.0,0.0,2787860.0,0.0,2787860.0,0
2025-10-31,1620.0,1620.0,1620.0,1620.0,1677.0,0.0,0.0,2787860.0,0.0,0.0,0.0,2787860.0,0.0,2787860.0,0
2025-11-03,1620.0,1620.0,1620.0,1620.0,1677.0,0.0,0.0,2787860.0,0.0,0.0,0.0,2787860.0,0.0,2787860.0,0
2025-11-04,1620.0,1620.0,1620.0,1620.0,1677.0,0.0,0.0,2787860.0,0.0,0.0,0.0,2787860.0,0.0,2787860.0,0
2025-11-05,1620.0,1620.0,1620.0,1620.0,1677.0,0.0,0.0,2787860.0,0.0,0.0,0.0,2787860.0,0.0,2787860.0,0
2025-11-06,1620.0,1620.0,1620.0,1620.0,1677.0,0.0,0.0,2787860.0,0.0,0.0,0.0,2787860.0,0.0,2787860.0,0
2025-11-07,1620.0,1620.0,1620.0,1620.0,1677.0,0.0,0.0,2787860.0,0.0,0.0,0.0,2787860.0,0.0,2787860.0,0
2025-11-10,1620.0,1620.0,1620.0,1620.0,1677.0,0.0,0.0,2787860.0,0.0,0.0,0.0,2787860.0,0.0,2787860.0,0
2025-11-11,1620.0,1620.0,1620.0,1620.0,1677.0,0.0,0.0,2787860.0,0.0,0.0,0.0,2787860.0,0.0,2787860.0,0
2025-11-12,1620.0,1620.0,1620.0,1620.0,1677.0,0.0,0.0,2787860.0,0.0,0.0,0.0,2787860.0,0.0,2787860.0,0
2025-11-13,1620.0,1620.0,1620.0,1620.0,1677.0,0.0,0.0,2787860.0,0.0,0.0,0.0,2787860.0,0.0,2787860.0,0
2025-11-14,1620.0,1620.0,1620.0,1620.0,1677.0,0.0,0.0,2787860.0,0.0,0.0,0.0,2787860.0,0.0,2787860.0,0
2025-11-17,1620.0,1620.0,1620.0,1620.0,1677.0,0.0,0.0,2787860.0,0.0,0.0,0.0,2787860.0,0.0,2787860.0,0
2025-11-18,1620.0,1620.0,1620.0,1620.0,1677.0,0.0,0.0,2787860.0,0.0,0.0,0.0,2787860.0,0.0,2787860.0,0
2025-11-19,1620.0,1620.0,1620.0,1620.0,1677.0,0.0,0.0,2787860.0,0.0,0.0,0.0,2787860.0,0.0,2787860.0,0
2025-11-20,1620.0,1620.0,1620.0,1620.0,1677.0,0.0,0.0,2787860.0,0.0,0.0,0.0,2787860.0,0.0,2787860.0,0
2025-11-21,1620.0,1620.0,1620.0,1620.0,1677.0,0.0,0.0,2787860.0,0.0,0.0,0.0,2787860.0,0.0,2787860.0,0
2025-11-24,1620.0,1620.0,1620.0,1620.0,1677.0,0.0,0.0,2787860.0,0.0,0.0,0.0,2787860.0,0.0,2787860.0,0
2025-11-25,1620.0,1620.0,1620.0,1620.0,1677.0,0.0,0.0,2787860.0,0.0,0.0,0.0,2787860.0,0.0,2787860.0,0
2025-11-26,1620.0,1620.0,1620.0,1620.0,1677.0,0.0,0.0,2787860.0,0.0,0.0,0.0,2787860.0,0.0,2787860.0,0
2025-11-27,1620.0,1620.0,1620.0,1620.0,1677.0,0.0,0.0,2787860.0,0.0,0.0,0.0,2787860.0,0.0,2787860.0,0
2025-11-28,1620.0,1620.0,1620.0,1620.0,1677.0,0.0,0.0,2787860.0,0.0,0.0,0.0,2787860.0,0.0,2787860.0,0
2025-12-01,1620.0,1620.0,1620.0,1620.0,1677.0,0.0,0.0,2787860.0,0.0,0.0,0.0,2787860.0,0.0,2787860.0,0
2025-12-02,1620.0,1620.0,1620.0,1620.0,1677.0,0.0,0.0,2787860.0,0.0,0.0,0.0,2787860.0,0.0,2787860.0,0
2025-12-03,1620.0,1620.0,1620.0,1620.0,1677.0,0.0,0.0,2787860.0,0.0,0.0,0.0,2787860.0,0.0,2787860.0,0
2025-12-04,1620.0,1620.0,1620.0,1620.0,1677.0,0.0,0.0,2787860.0,0.0,0.0,0.0,2787860.0,0.0,2787860.0,0
2025-12-05,1620.0,1620.0,1620.0,1620.0,1677.0,0.0,0.0,2787860.0,0.0,0.0,0.0,2787860.0,0.0,2787860.0,0
2025-12-08,1620.0,1620.0,1620.0,1620.0,1677.0,0.0,0.0,2787860.0,0.0,0.0,0.0,2787860.0,0.0,2787860.0,0
2025-12-09,1620.0,1620.0,1620.0,1620.0,1677.0,0.0,0.0,2787860.0,0.0,0.0,0.0,2787860.0,0.0,2787860.0,0
2025-12-10,1620.0,1620.0,1620.0,1620.0,1677.0,0.0,0.0,2787860.0,0.0,0.0,0.0,2787860.0,0.0,2787860.0,0
2025-12-11,1620.0,1620.0,1620.0,1620.0,1677.0,0.0,0.0,2787860.0,0.0,0.0,0.0,2787860.0,0.0,2787860.0,0
2025-12-12,1620.0,1620.0,1620.0,1620.0,1677.0,0.0,0.0,2787860.0,0.0,0.0,0.0,2787860.0,0.0,2787860.0,0
2025-12-15,1620.0,1620.0,1620.0,1620.0,1677.0,0.0,0.0,2787860.0,0.0,0.0,0.0,2787860.0,0.0,2787860.0,0
2025-12-16,1620.0,1620.0,1620.0,1620.0,1677.0,0.0,0.0,2787860.0,0.0,0.0,0.0,2787860.0,0.0,2787860.0,0
2025-12-17,1620.0,1620.0,1620.0,1620.0,1677.0,0.0,0.0,2787860.0,0.0,0.0,0.0,2787860.0,0.0,2787860.0,0
2025-12-18,1620.0,1620.0,1620.0,1620.0,1677.0,0.0,0.0,2787860.0,0.0,0.0,0.0,2787860.0,0.0,2787860.0,0
2025-12-19,1620.0,1620.0,1620.0,1620.0,1677.0,0.0,0.0,2787860.0,0.0,0.0,0.0,2787860.0,0.0,2787860.0,0
2025-12-22,1620.0,1620.0,1620.0,1620.0,1677.0,0.0,0.0,2787860.0,0.0,0.0,0.0,2787860.0,0.0,2787860.0,0
2025-12-23,1620.0,1620.0,1620.0,1620.0,1677.0,0.0,0.0,2787860.0,0.0,0.0,0.0,2787860.0,0.0,2787860.0,0
2025-12-24,1620.0,1620.0,1620.0,1620.0,1677.0,0.0,0.0,2787860.0,0.0,0.0,0.0,2787860.0,0.0,2787860.0,0
2025-12-26,1620.0,1620.0,1620.0,1620.0,1677.0,0.0,0.0,2787860.0,0.0,0.0,0.0,2787860.0,0.0,2787860.0,0
2025-12-29,1620.0,1620.0,1620.0,1620.0,1677.0,0.0,0.0,2787860.0,0.0,0.0,0.0,2787860.0,0.0,2787860.0,0
2025-12-30,1620.0,1620.0,1620.0,1620.0,1677.0,0.0,0.0,2787860.0,0.0,0.0,0.0,2787860.0,0.0,2787860.0,0
